1000
1373 1442
2775 2861
3005 3013
1195 1204
2871 2874
2663 2736
3426 3449
2795 2887
2837 2878
675 688
91 157
27 121
2545 2567
1012 1077
1073 1088
2652 2699
1970 2036
2872 2940
715 797
2160 2175
701 733
1185 1222
1338 1369
914 922
3379 3448
875 921
1920 1985
2032 2117
2039 2081
850 907
950 959
2300 2393
113 115
2625 2659
742 831
619 709
3245 3344
2811 2899
2800 2833
3029 3044
574 594
3179 3222
102 116
2763 2861
2410 2467
2445 2533
1164 1174
2844 2934
427 526
178 243
2515 2612
553 624
1666 1762
3031 3068
116 127
896 953
1997 2005
1292 1298
2691 2722
866 911
768 798
3054 3092
1842 1904
1933 2013
976 1004
1280 1361
2042 2048
3251 3265
2666 2757
1832 1869
20 63
1740 1775
1222 1250
3221 3262
1277 1279
1950 2047
3035 3040
254 316
503 516
3388 3445
3165 3174
900 941
1302 1318
1284 1350
1517 1589
2671 2750
536 547
814 891
2990 3046
484 580
2341 2346
565 644
3331 3373
407 464
1065 1140
1675 1684
2330 2340
1195 1245
2069 2164
964 999
986 1025
1394 1423
18 40
1174 1268
3155 3174
1056 1084
1494 1520
3115 3193
2364 2418
571 630
153 177
1501 1582
2327 2409
2945 2992
2775 2846
1059 1109
1617 1661
927 987
1184 1271
2209 2240
2013 2040
2968 3032
2840 2916
673 740
766 829
2066 2108
343 379
2101 2142
3527 3586
1298 1315
1336 1345
2514 2613
2722 2741
3325 3379
3230 3314
171 186
2900 2971
2509 2519
2053 2056
2433 2479
33 111
2151 2180
1590 1678
3384 3432
3290 3346
1890 1973
3477 3548
1939 1996
735 815
846 877
1539 1559
1133 1168
1328 1352
3081 3120
560 611
3432 3470
3277 3364
3122 3128
2837 2855
3573 3591
629 635
2637 2647
2068 2086
1100 1129
406 498
298 352
1076 1175
993 996
3425 3433
3093 3166
2339 2371
1414 1470
1861 1892
1348 1358
2460 2528
1103 1164
3304 3391
1008 1010
2786 2797
2791 2861
1539 1572
1370 1394
35 132
2231 2285
349 377
2435 2471
1290 1344
2421 2424
3159 3223
3460 3536
3400 3476
3274 3312
2405 2433
258 296
1981 1989
388 421
2439 2440
3116 3201
2751 2769
773 821
1636 1672
1048 1076
1057 1150
1613 1656
13 101
1994 2015
1235 1247
1730 1802
1446 1487
3460 3530
3463 3498
1828 1918
509 547
644 732
2245 2275
2607 2641
3577 3581
2755 2774
1407 1464
3170 3264
3249 3338
1801 1865
2851 2897
370 379
2608 2695
3345 3405
3258 3341
834 906
1162 1236
2356 2377
1349 1422
3343 3399
2571 2588
3171 3263
1962 2048
2171 2269
2903 2940
465 499
1625 1673
1181 1230
3028 3036
437 510
1235 1306
2614 2682
153 201
1467 1521
1044 1056
2418 2495
1016 1021
1361 1394
2135 2187
1814 1869
2454 2533
1174 1272
1718 1803
1801 1858
2410 2439
403 455
3440 3465
3524 3577
118 137
2747 2803
1981 2030
3375 3393
821 875
2521 2560
1641 1701
2224 2314
828 910
3463 3464
2585 2642
2985 3066
966 1057
504 583
1161 1225
954 1022
529 590
1580 1654
1575 1624
2690 2784
485 547
1641 1718
1637 1649
1131 1213
2362 2458
2459 2550
1863 1927
893 921
2302 2319
2381 2455
340 348
658 726
1259 1356
316 409
1091 1104
1816 1890
1526 1569
1107 1130
1222 1267
1769 1842
2058 2074
937 996
1420 1490
2632 2731
710 788
2630 2700
2668 2677
1953 2027
838 937
296 340
1826 1829
2454 2540
2838 2930
1840 1871
1297 1325
1625 1681
3080 3170
2699 2768
817 888
1364 1413
303 331
1676 1679
20 103
3405 3498
3093 3112
699 792
1138 1155
2489 2502
3067 3155
3007 3094
581 673
703 756
3223 3233
3082 3109
2463 2494
3084 3175
81 119
3027 3111
1298 1380
232 254
3429 3490
3184 3232
26 75
1703 1735
671 764
2808 2831
1873 1945
212 252
2704 2760
1984 2062
2020 2030
1766 1830
524 584
924 1021
2455 2541
117 202
61 138
2459 2553
1144 1205
444 486
1207 1257
3530 3578
2821 2887
2191 2276
1853 1873
3123 3200
385 389
2872 2965
629 723
1522 1526
2306 2318
409 470
791 826
994 1081
1582 1594
696 728
402 453
1206 1243
1025 1094
2192 2271
1490 1501
299 313
3175 3212
2731 2797
1302 1326
3130 3164
2417 2487
2999 3086
2214 2230
460 482
450 512
1627 1676
3422 3458
2001 2081
2105 2185
2488 2558
2204 2255
2588 2681
1300 1370
1334 1424
2342 2356
3197 3295
1906 1915
3446 3536
223 277
640 680
1127 1162
543 609
2461 2490
2980 2982
2267 2360
2455 2522
3181 3230
2293 2348
992 1049
2134 2168
1815 1863
2558 2632
3516 3554
1868 1959
371 465
543 627
1518 1605
1980 2022
219 289
221 226
1504 1539
1479 1545
1245 1271
714 762
618 710
1523 1608
1444 1530
2581 2631
2186 2221
1959 2020
1431 1468
239 314
207 249
2606 2672
1064 1144
1052 1117
1537 1603
978 1064
3157 3177
2539 2634
2673 2698
113 205
1723 1767
2537 2560
941 951
2902 2939
1982 2039
1333 1338
3299 3387
1846 1924
1320 1381
1194 1223
1640 1718
629 637
683 768
156 249
1285 1367
444 506
198 212
2583 2612
1214 1215
1156 1162
3100 3152
1796 1805
1517 1562
2095 2176
1899 1933
2026 2048
2407 2471
3354 3453
2340 2395
971 984
1916 1961
329 417
416 425
2187 2198
2585 2671
630 716
1775 1871
3358 3449
2253 2318
1321 1417
199 266
540 548
1606 1616
2569 2621
2704 2788
3210 3242
404 440
2643 2701
2945 2964
2885 2971
3030 3066
211 221
580 631
591 595
3001 3101
1393 1467
999 1008
3075 3165
2353 2394
3141 3191
1910 1913
2830 2899
2117 2123
977 1024
129 151
302 347
2940 2963
3523 3567
3146 3202
1956 2056
3321 3355
2513 2565
1018 1112
2815 2827
297 374
1702 1736
3075 3102
138 223
3309 3380
126 149
1885 1957
2097 2118
2191 2273
2847 2919
1730 1733
1745 1823
1014 1066
691 752
522 594
1588 1684
2323 2330
991 1027
1969 2059
3496 3508
988 1067
56 135
985 1028
2016 2069
779 866
2323 2328
594 657
2673 2680
2311 2343
2593 2679
1478 1516
1811 1842
2922 2935
183 194
2932 2971
2352 2441
169 183
911 974
2264 2321
159 213
1475 1544
2681 2757
2066 2092
1668 1766
2893 2985
3411 3418
1872 1943
699 787
688 737
2563 2566
1420 1422
3150 3183
2641 2661
819 865
591 611
2803 2847
668 700
3046 3091
1903 1930
608 676
2706 2748
1041 1064
2145 2146
1625 1661
223 288
379 397
1269 1360
365 396
433 510
2093 2154
1412 1427
224 242
1554 1594
131 154
411 465
1416 1461
3261 3357
257 284
3446 3453
695 757
1753 1796
2102 2183
816 850
3203 3283
3161 3226
1989 2049
3507 3521
3006 3051
3057 3119
1906 1992
865 941
327 419
3489 3586
1644 1710
2809 2822
1703 1755
2499 2565
657 668
2990 3029
98 145
1070 1130
2724 2778
2486 2551
631 663
529 621
266 361
53 128
3422 3440
3433 3489
3556 3573
3299 3394
2434 2468
3426 3439
2718 2768
779 814
43 88
3406 3476
1671 1682
699 735
3241 3337
2114 2141
3313 3351
1693 1745
1381 1451
2531 2546
2175 2182
380 425
780 861
2904 3002
57 151
2000 2024
2664 2753
463 503
639 731
407 450
1049 1077
1960 1992
3194 3220
488 543
2429 2430
1723 1804
1328 1421
536 571
1747 1748
2835 2899
837 873
2574 2641
3073 3113
2923 2931
2979 2992
2613 2663
45 138
2282 2315
2662 2690
573 622
196 270
3278 3308
2847 2933
3182 3271
1759 1772
2285 2344
3209 3297
3122 3123
249 279
2188 2236
1708 1789
2091 2096
289 384
3125 3148
2915 2983
2694 2774
1621 1679
2617 2715
1378 1465
3196 3207
3463 3505
323 378
2623 2644
2570 2650
320 350
952 1050
424 449
821 889
3521 3566
1709 1740
2801 2830
1205 1215
965 1061
3081 3174
2219 2311
2426 2447
3092 3179
599 663
1628 1692
3383 3457
1099 1120
2743 2807
3388 3424
1608 1628
2352 2415
1775 1787
2682 2733
2757 2774
2165 2170
2187 2202
309 357
1958 2014
1373 1394
2486 2544
668 736
96 165
3094 3184
1858 1938
498 589
2011 2030
89 100
3199 3256
2236 2335
1614 1709
927 1004
1006 1042
327 391
2699 2765
407 499
1332 1378
1095 1105
2559 2594
3136 3202
1107 1191
2608 2670
2424 2498
2841 2927
1067 1091
824 885
3390 3476
3201 3244
1816 1841
2493 2564
24 109
601 620
1844 1942
598 687
1355 1374
64 81
2022 2065
3499 3539
1411 1457
673 740
2760 2792
1325 1373
180 228
1672 1680
2617 2665
2183 2209
2965 3028
2366 2432
863 882
539 601
2706 2794
1351 1437
3479 3568
111 121
115 156
2825 2856
2528 2565
1013 1078
2125 2181
2686 2705
2383 2453
1398 1438
1374 1440
427 494
2809 2823
1746 1759
984 1008
687 708
297 387
234 281
207 288
1831 1904
3469 3560
2854 2889
1795 1825
1395 1424
2511 2535
576 594
47 119
1459 1490
835 852
1616 1693
65 155
296 311
3257 3299
1742 1825
3344 3417
3408 3459
2824 2902
1133 1144
2559 2569
589 622
3455 3463
951 971
3365 3412
206 283
1147 1245
1768 1786
1289 1355
2368 2400
269 278
1875 1915
2282 2350
205 242
2835 2921
880 948
137 153
3222 3254
415 467
2362 2459
1322 1356
56 82
3242 3329
2927 2985
3264 3344
2737 2812
2315 2402
414 514
205 277
3428 3473
3256 3283
917 952
662 746
671 673
2893 2944
2228 2285
3255 3284
2520 2533
3158 3212
2267 2337
186 262
1692 1785
642 714
987 1050
371 375
629 717
1568 1621
3218 3222
1971 2005
3499 3557
972 1036
1222 1224
271 310
388 396
3374 3435
874 967
1897 1911
2731 2768
2285 2309
2744 2806
154 250
1623 1720
3098 3142
2504 2558
2796 2826
568 624
1499 1520
743 828
1296 1322
2124 2147
476 550
2309 2390
1469 1503
183 283
3292 3328
2581 2626
1362 1394
357 358
2394 2474
3100 3154
1050 1142
2270 2332
1492 1537
2392 2481
1008 1105
1238 1317
1898 1954
825 843
538 635
2662 2748
536 634
2471 2526
3032 3044
1956 1967
782 856
948 1047
1466 1551
2917 2930
2590 2686
3396 3480
1956 1964
3564 3568
579 646
1565 1610
1032 1073
1417 1483
2738 2741
2869 2929
828 844
3030 3067
3416 3452
3515 3557
1639 1726
1659 1747
2919 2981
247 345
351 383
1847 1944
2441 2476
1925 2015
495 514
2828 2852
2600 2672
2967 3017
1925 1965
2227 2262
3493 3537
2657 2679
377 440
1967 1972
2508 2575
2192 2276
1841 1864
1203 1238
2026 2046
333 409
306 346
3401 3450
3251 3346
2523 2593
1291 1391
2097 2099
2337 2377
3464 3472
2274 2300
1135 1159
90 189
801 887
475 493
2844 2877
2676 2758
3236 3248
1270 1324
2750 2823
1577 1671
1749 1812
2429 2450
3207 3213
1773 1839
3277 3301
464 467
1765 1811
1605 1683
3564 3567
1926 1995
1011 1059
1406 1415
307 376
520 551
2674 2705
556 576
3148 3235
2547 2628
1014 1072
269 298
875 956
1523 1560
1480 1559
2274 2298
3264 3356
