5 20 2 3
2 5 8 11 15
4 20 12 9
1 2 3 13
16 37 5 17
2 11 14 15 16 17 18 19 20 22 24 25 27 32 33 36
6 98 18 3
30 32 41 67 68 90
9 21 17 19
2 5 6 10 11 12 13 15 18
258 5771 17 5
6 12 15 39 49 108 128 162 165 220 223 249 256 260 273 298 320 326 331 351 415 446 468 534 553 577 617 663 667 693 723 736 742 758 762 773 775 812 830 880 916 945 958 962 1000 1001 1003 1004 1005 1032 1060 1099 1107 1123 1194 1210 1216 1234 1242 1250 1303 1316 1356 1377 1400 1406 1414 1445 1454 1475 1519 1538 1539 1566 1570 1614 1620 1622 1630 1664 1677 1680 1681 1699 1704 1782 1829 1914 1964 1970 1987 2004 2009 2029 2111 2135 2153 2165 2175 2192 2201 2209 2284 2299 2319 2320 2354 2386 2392 2405 2408 2458 2469 2490 2525 2529 2558 2587 2598 2624 2644 2649 2666 2675 2680 2685 2769 2790 2807 2858 2863 2883 2907 2927 2951 2954 2969 3009 3021 3026 3044 3071 3091 3117 3131 3158 3165 3174 3224 3268 3293 3324 3338 3356 3411 3424 3446 3455 3456 3464 3491 3493 3557 3600 3623 3661 3678 3723 3724 3749 3751 3830 3848 3859 3862 3871 3878 3906 3913 3936 3978 3987 4006 4011 4034 4039 4049 4064 4099 4122 4136 4178 4197 4205 4212 4263 4288 4300 4304 4354 4372 4383 4397 4410 4422 4479 4495 4553 4558 4573 4619 4625 4670 4731 4750 4770 4805 4859 4877 4888 4890 4922 4938 4941 4953 4959 4993 5012 5013 5021 5037 5049 5059 5086 5227 5233 5244 5265 5315 5358 5378 5405 5425 5434 5458 5484 5535 5554 5563 5580 5612 5664 5687 5700 5716 5733 5740 5749
316 7073 7 16
25 31 43 62 78 109 121 214 234 241 256 274 297 396 416 470 499 518 526 529 533 535 542 560 572 582 642 670 680 706 721 731 741 770 800 817 852 871 894 897 926 928 943 1001 1010 1025 1034 1037 1066 1103 1127 1133 1143 1207 1234 1266 1272 1305 1311 1354 1363 1364 1387 1391 1396 1402 1421 1450 1461 1472 1500 1533 1537 1546 1547 1578 1594 1606 1613 1629 1653 1681 1714 1754 1793 1794 1811 1816 1833 1834 1847 1892 1894 1913 1925 1940 1946 2003 2026 2066 2091 2109 2140 2141 2180 2188 2214 2267 2272 2307 2318 2336 2339 2412 2417 2467 2514 2518 2579 2617 2621 2631 2646 2652 2663 2685 2691 2722 2744 2753 2764 2783 2789 2807 2823 2833 2891 2899 2914 2956 2968 2971 2981 3010 3034 3058 3069 3079 3151 3159 3198 3207 3212 3216 3243 3247 3248 3265 3297 3334 3394 3449 3465 3479 3492 3513 3553 3590 3593 3599 3611 3633 3640 3645 3678 3682 3685 3694 3711 3783 3791 3815 3833 3848 3867 3885 3983 4023 4063 4082 4090 4098 4104 4146 4155 4188 4203 4210 4253 4289 4332 4346 4370 4431 4502 4513 4546 4565 4614 4630 4654 4662 4719 4763 4769 4791 4818 4831 4844 4869 4893 4925 4946 4972 4990 5004 5005 5043 5070 5118 5132 5144 5172 5175 5187 5217 5227 5246 5255 5258 5260 5271 5296 5333 5352 5374 5377 5404 5440 5470 5482 5528 5529 5540 5545 5583 5619 5652 5691 5705 5722 5737 5760 5764 5778 5819 5871 5873 5888 5891 5916 5941 5944 5964 5997 6004 6030 6036 6048 6077 6119 6122 6135 6208 6232 6233 6470 6471 6476 6513 6584 6590 6615 6625 6626 6640 6665 6703 6713 6715 6726 6776 6790 6794 6823 6834 6863 6877 6878 6929 6962 6974 6998 7011 7019 7053
352 9125 20 7
3 24 29 59 68 80 109 113 114 118 160 161 163 168 178 188 207 233 236 246 309 332 336 363 390 392 400 424 439 445 556 596 597 635 650 672 679 711 744 749 782 802 825 833 854 915 916 989 1084 1122 1149 1208 1212 1224 1261 1285 1306 1307 1312 1328 1354 1388 1403 1407 1408 1414 1426 1431 1452 1457 1515 1534 1601 1627 1724 1734 1743 1772 1831 1883 1894 1922 1927 1932 2001 2008 2012 2016 2053 2082 2100 2157 2158 2174 2194 2201 2269 2272 2320 2342 2350 2352 2431 2577 2579 2606 2607 2609 2637 2669 2697 2700 2716 2755 2770 2783 2844 2845 2854 2866 2914 2937 2939 2965 2995 3022 3029 3058 3110 3125 3157 3168 3226 3230 3238 3260 3328 3343 3347 3378 3433 3442 3486 3510 3513 3517 3522 3552 3615 3652 3654 3663 3711 3728 3760 3763 3765 3790 3844 3863 3893 3897 3924 3948 3950 3968 3980 4028 4039 4055 4070 4089 4099 4106 4117 4122 4131 4144 4190 4194 4211 4241 4250 4290 4302 4350 4363 4424 4534 4580 4608 4611 4711 4811 4859 4861 4862 4911 4927 4970 4991 5053 5079 5093 5096 5108 5163 5167 5193 5204 5206 5272 5303 5310 5315 5319 5343 5370 5373 5437 5513 5522 5533 5575 5615 5629 5682 5704 5740 5759 5779 5790 5815 5837 5849 5873 5887 5953 5964 5976 5997 6049 6122 6153 6205 6235 6253 6285 6312 6321 6400 6423 6449 6484 6539 6549 6585 6599 6604 6608 6622 6628 6631 6729 6766 6800 6804 6807 6827 6844 6858 6864 6876 6907 6931 6939 6986 7015 7058 7116 7124 7131 7150 7164 7191 7206 7207 7245 7255 7277 7324 7379 7380 7405 7432 7443 7448 7449 7456 7463 7496 7527 7612 7684 7702 7742 7848 7894 7922 8030 8063 8069 8090 8094 8133 8150 8173 8198 8200 8207 8225 8267 8274 8278 8296 8300 8305 8336 8364 8410 8479 8487 8507 8523 8617 8637 8661 8663 8689 8799 8814 8815 8852 8882 8918 8919 8974 9006 9015 9028 9050 9077
331 2753 20 16
5 11 15 16 40 64 76 84 85 86 91 98 105 130 145 153 162 163 165 166 169 182 186 204 209 212 214 217 227 235 241 270 278 291 292 313 314 316 324 329 347 348 349 355 400 407 411 417 420 421 450 451 453 461 463 479 494 497 501 502 509 515 517 519 520 527 545 555 559 564 572 590 593 594 603 609 611 613 614 622 631 639 644 650 651 661 662 663 668 672 676 685 694 696 704 732 733 743 747 762 768 774 779 790 795 811 819 825 826 828 831 838 867 874 881 897 917 943 951 956 958 963 968 978 999 1000 1003 1006 1013 1021 1065 1070 1072 1099 1104 1129 1130 1143 1144 1150 1168 1177 1215 1220 1221 1227 1234 1235 1240 1244 1261 1263 1269 1273 1283 1296 1299 1314 1316 1350 1356 1358 1365 1371 1372 1381 1383 1385 1395 1405 1426 1427 1434 1439 1444 1452 1457 1459 1464 1467 1483 1516 1536 1552 1557 1577 1583 1598 1604 1608 1611 1632 1637 1638 1691 1693 1701 1705 1712 1725 1734 1739 1755 1756 1763 1764 1772 1778 1783 1788 1791 1797 1811 1814 1846 1855 1873 1877 1890 1904 1927 1928 1929 1938 1943 1947 1950 1959 1963 1970 1998 2002 2008 2014 2027 2029 2033 2044 2070 2076 2097 2101 2105 2106 2108 2128 2143 2147 2162 2175 2179 2180 2185 2196 2203 2204 2205 2219 2221 2230 2241 2247 2255 2256 2260 2269 2273 2275 2287 2290 2294 2311 2322 2339 2359 2368 2369 2395 2399 2400 2407 2420 2424 2434 2443 2448 2453 2459 2462 2467 2473 2477 2485 2489 2502 2513 2522 2523 2528 2532 2536 2542 2546 2555 2560 2568 2576 2578 2588 2592 2597 2602 2608 2609 2615 2620 2633 2638 2654 2664 2669 2675 2693 2695 2701 2707 2722 2723 2725 2731 2741
261 908613 3 17
64 1888 4855 7988 12327 14278 16564 18831 27471 46440 48507 52047 57050 58174 61309 64714 65029 66848 68776 71864 71880 72196 75218 78805 80414 88038 88232 90064 91698 96176 96689 98763 99603 104888 111189 116345 118427 131349 134893 142550 143074 143277 144951 145707 160332 161876 164233 165945 167135 169116 173520 201329 209391 215350 217273 217872 218859 221217 222047 222631 223612 225065 227989 229520 230715 235122 236164 244489 250846 252568 256869 257916 258913 259236 260299 262089 270410 273379 279856 291313 298532 298927 301377 304244 307003 308084 317748 325251 326048 330845 334284 343391 346345 354301 355465 356068 359338 359950 365941 369312 372276 372993 374479 374980 381624 381752 383908 385468 386316 388055 389152 392042 395015 399236 399857 400191 401774 408310 408910 418970 423312 426670 428436 438427 444864 446300 447448 447833 452650 473467 474712 475621 478141 479228 481861 494985 496373 506894 506910 507486 508801 510506 511158 519571 525274 527812 531190 531501 534572 536013 537807 543396 545208 547048 552915 553447 555037 555832 556795 563069 564040 564348 564458 566272 567922 570024 575268 576848 581171 582686 583169 587135 587790 592208 599904 600536 605518 607895 613843 621947 622010 623595 624027 627484 630904 634333 634578 640532 640573 641821 643100 658611 664588 669000 670919 674257 680812 680905 689687 696957 700042 700581 701115 701657 701792 702047 711497 713590 717838 723373 725341 725904 728739 729854 731342 739876 740555 740576 746520 747054 747572 751630 752325 753413 762626 772519 773268 774629 782833 783412 784517 784858 785249 786559 786628 801549 802953 803786 807121 808333 816793 817042 821119 821853 823639 827061 828900 829526 832344 833117 842563 855744 863304 863848 871061 877510 881358 886246 886574 889565 894635
107 479120 6 19
466 3824 17321 23965 23993 31147 33959 52274 57273 61491 67305 72811 73390 77630 78272 87148 89970 92053 92389 93312 97461 98436 99778 100917 102952 103554 105360 106062 108309 114155 117248 117346 118306 119141 123191 126899 138741 142905 144005 149372 149493 149731 152684 159174 160109 164853 170236 170593 182193 182380 182598 188857 190526 197910 202843 202881 211044 216539 221465 227659 229222 230404 235941 236728 244732 250581 259172 262639 267726 272685 274483 279908 297079 306181 314109 330112 344461 345778 347062 347117 360375 376329 376379 377357 377999 378413 378678 382846 384285 388327 391218 409453 410507 413735 420555 429978 430359 439216 439333 441106 448343 451699 459845 461692 466500 474368 476988
375 882751 17 20
3059 4581 4608 5776 6979 7876 8445 9794 10333 13624 14261 16413 20349 20716 23997 27590 28449 32425 32938 32982 36586 38588 42243 44792 46501 47140 48709 49935 53536 56035 56957 59743 63297 63637 69103 74485 74565 75280 75998 77679 80327 80509 83776 85515 85613 87749 87780 88035 95057 98614 101147 101991 102010 106909 107392 113061 114917 116350 120810 122473 127902 131039 132126 132663 134666 136827 137859 141691 141839 144885 145049 148846 150866 151685 151736 154534 155133 155288 157395 160075 161591 163445 165940 166394 166711 168474 176823 177824 180005 181172 182861 182992 183460 186784 188402 192838 195470 198176 199420 201069 204059 209694 211021 211666 212967 213571 214779 218387 222175 222871 225962 227716 229305 231258 231902 232144 235375 236196 239057 243639 244053 244642 247653 249092 250222 255394 278728 284846 297854 298224 298549 302161 304463 306223 308618 312169 321385 321803 322643 324382 325943 330210 331962 336088 336807 336999 339823 343603 345425 350819 355890 361426 361475 361506 362355 362831 366857 367304 370344 371372 371457 373920 374838 377049 382309 382418 385209 386246 388513 389513 390048 394673 395521 397183 400829 401908 402063 403647 403813 404749 409677 415955 418894 420427 421257 421966 422044 424714 428459 429591 430031 431358 435090 435665 437645 441072 442176 446941 449488 452966 455899 459608 462637 462712 465626 469036 472545 472957 476369 477230 482554 485053 488875 491129 491289 494060 494900 496778 498143 499810 502072 505030 507229 510915 511904 512267 522138 530354 531199 534480 536353 538246 539043 544173 544579 545989 548365 548514 550165 550897 550938 551099 554664 556985 558130 560953 563043 563728 572478 573480 578564 580862 583142 588936 591948 594319 597874 600488 603774 604320 607157 609387 612474 613285 614700 616961 620170 622463 627185 633626 637165 638602 639049 640567 641502 643073 643997 646425 646788 648658 651969 658386 660396 662965 672536 672825 673428 676383 676929 677258 679343 684831 687681 688579 688919 689355 690443 692381 692878 694184 709495 714691 715621 718124 729015 736703 747806 748430 749213 749756 751901 751987 755894 756506 756530 757020 759170 763412 763548 764951 767257 768132 772455 772528 772661 773594 775225 777037 777335 777946 781249 784091 784896 786015 788898 791924 794280 794697 798890 800282 800465 802281 803718 804375 806466 806582 808690 815989 819265 821620 822274 825219 827241 830373 830417 833550 836142 841602 843777 843820 850807 856326 857476 858088 859895 860321 860550 864727 865638 865953 866233 866444 874192 879343 881525
448 761874 5 3
3278 10375 11692 13012 13389 15698 20476 21785 22118 23662 25530 26730 26864 27740 28634 28823 29760 29929 32053 33271 33913 34200 34729 34843 35231 36270 37245 37450 41186 42121 47972 51834 55586 55786 58968 61725 61777 62622 63188 63828 65511 68713 70318 71793 73347 73511 75827 76386 77377 80899 82996 87641 88209 93470 95215 98006 99349 100053 102003 102122 106015 106655 106796 107776 109022 115261 115630 117212 118794 121162 123174 125911 127365 129599 130721 136734 136763 138096 138250 140724 140973 145223 147674 151467 152627 157140 157294 158328 160157 163311 168426 168534 173322 174886 176992 178975 180575 181144 183632 184879 185531 186345 186377 189600 196680 200228 200300 202382 202777 205771 208009 208090 209753 211752 211829 212814 214964 217327 217891 218217 220878 221159 221742 224560 227931 231097 231754 232935 234607 236506 236864 237245 239707 240813 241568 241668 241958 243430 244056 246555 247936 250095 255823 259755 261178 261892 262495 265658 267689 269703 270142 271161 271725 271830 272996 273511 275738 280881 284149 284337 284855 286656 287781 290925 291194 293200 293288 293925 294960 295898 296129 296752 300898 302922 305941 306896 307736 308162 308297 308316 308459 312715 312859 313943 315255 316017 319027 319649 320712 321944 323968 330017 333235 335349 336945 338776 339027 339194 341503 342285 343717 344051 345847 347139 350175 350454 351333 352858 354237 358416 359672 363561 365232 366008 366058 369229 369639 372132 372185 373812 373863 376141 378587 378821 380069 380355 381235 382703 384294 384528 386374 386729 387711 389235 392530 396078 399164 399247 400510 402946 409202 410868 412301 412565 413809 413934 414260 415677 419264 419788 419833 420914 421264 423356 427353 430387 433992 434510 445784 448793 449497 453828 454662 455705 459558 460707 460882 462787 466973 468240 469204 471919 472217 473428 474058 474629 475698 475723 476793 477639 479128 480232 481312 482188 483872 486133 488275 490876 492484 492976 497489 497582 504888 509606 510409 519522 521590 522171 523599 527682 531324 534121 536512 539101 539560 541686 541704 543364 545766 547151 547219 547772 548693 549137 552915 556687 558741 559301 559860 563078 563846 564850 567979 568682 573454 576752 577146 577492 578969 579112 580748 581130 581351 584374 584852 585836 587029 588212 593251 593986 594410 594567 596246 597300 598334 598857 599494 601713 601869 602081 604143 604831 605784 606104 607067 608619 612071 613135 613610 613713 614481 614550 617201 620291 621218 621743 622282 622534 623616 623770 628854 630277 630854 632612 634367 635478 643401 645079 650135 655727 656261 657486 657825 658160 658311 662528 665180 667512 667834 670185 674355 675089 676061 676917 677288 687352 688559 689147 692543 693417 695025 695078 695453 697360 698799 701339 703599 705986 707304 707420 708604 708780 708965 710694 711103 712186 713054 716463 716694 717330 717710 722036 724791 728159 728449 729967 730725 730960 733853 735222 739148 739250 740083 742121 742839 744925 745003 746213 747712 747868 747986 751790 752389 753505 753921 754978 755351 759602
428 431451 20 17
862 1220 2720 5246 5343 5838 6194 6344 6527 7913 10375 10422 10493 11125 12077 14541 15486 15624 16655 17631 18248 18424 19826 20260 21233 24751 25216 28066 28197 28524 28943 30786 31219 31678 33469 34820 35162 36470 36695 37167 38816 41676 45618 45910 46901 47438 48622 48739 48882 49299 50010 50029 50134 51307 52738 53058 56071 57127 57429 60183 60688 61140 61709 62665 62755 63278 64366 64867 65051 65309 66975 67371 69033 69982 72756 72871 73353 73635 74209 75223 77259 77545 79569 86586 89828 90597 91731 92161 94449 94725 95147 95362 96032 96174 96310 96650 97514 98678 101631 101827 101906 102501 104604 105238 105423 105653 106452 107452 107485 107662 108732 110574 112271 115340 115916 116081 118795 118928 119252 119320 121239 121957 122889 123162 125553 126540 126635 127570 129001 129222 131454 131603 133515 134022 135307 135981 137306 138976 139023 140064 141318 144076 145585 149528 151105 154058 154926 154955 155400 155521 155790 156320 156665 156873 157156 157607 159256 161216 162008 163196 164104 165630 165797 166627 168248 168832 169809 170856 171058 171592 171795 176008 176502 179213 179359 181212 181514 182007 182134 182585 183451 185615 185682 188338 190258 191260 194033 194608 195371 195557 196614 197336 199308 199689 200243 201462 203074 204655 204995 205717 206089 207495 210048 211510 212480 215553 215639 215781 217140 219023 219056 219360 219512 221741 222819 223852 223874 224668 226020 226220 226878 228983 231306 232003 232624 232765 233802 234155 234907 235688 238139 239891 239913 241519 241657 243088 243316 243579 244600 244803 246823 247788 247937 249448 249802 250229 251560 252074 252232 252382 253868 255947 257591 258820 262747 264943 265189 265226 265723 266282 266347 267823 268342 268934 269365 270403 270857 270930 271891 272925 273158 273723 274222 274467 274470 274699 279181 280541 283552 284186 285194 285598 286455 287311 287568 288081 288238 288961 289005 290242 290880 291597 292173 293002 297334 299668 300585 300738 301262 301506 302903 304868 308946 310473 314359 315451 315673 315849 316233 316763 317162 318645 319580 319632 321198 321514 322205 324075 325354 326614 326726 327652 327836 328522 330662 335828 335832 336458 338257 340256 341333 345836 347197 348015 351585 351789 352048 354190 354722 355260 355327 355988 356370 357336 358715 359169 359928 360737 361909 363131 363419 364304 364673 367324 368850 369542 369642 370413 371038 371524 371700 372874 373244 373971 374626 375205 377140 377320 379006 379130 379229 379767 382142 382629 383678 384509 385308 386112 386217 387411 387957 390054 391540 391669 391720 392853 394660 395119 396429 397502 398822 399174 400277 401314 402592 404436 404450 404479 404741 405001 405518 406699 410061 412907 414421 414998 415022 415674 416669 416732 416923 419269 419452 419507 419766 419767 419911 422058 422575 423274 424467 424533 426691 426707 427782 427902 429423 429913
766 321545 9 17
299 425 701 1544 1617 2635 3085 5024 5332 5652 5705 5717 6065 6876 6895 7276 7497 7725 8077 8151 8214 8342 8347 8438 8904 9062 10102 10215 10898 11322 11400 11725 11821 11985 12349 12542 12931 13204 14148 14410 14443 14533 14901 15376 15638 16412 16442 17191 17904 18166 18572 18581 20503 21445 22143 22155 22353 22814 23245 23356 23629 23768 23914 24130 24141 26100 26705 27237 27661 28108 28491 29206 29339 29381 29540 30602 31220 31221 31240 31358 31943 32369 32405 32737 33148 33495 33864 34059 34066 34605 35010 35842 36205 36344 36788 37174 37430 38191 38398 38758 38819 39016 39035 39701 41040 41920 42200 42988 44040 44155 45258 46093 47025 47896 48337 49496 49513 49663 49722 50128 51188 51242 52063 52254 52368 52384 52731 53001 53096 53904 54067 54898 55283 55331 56025 56678 57102 57397 57570 58456 58578 58955 59241 59244 59361 59569 59883 60628 62166 62429 62660 63463 63847 64014 64227 64323 64560 64564 65460 65499 65651 65737 66061 67882 68880 68916 69074 69755 69874 69908 71043 72023 72361 72561 73023 73034 73178 73369 73443 73562 73873 74255 74915 75241 76019 76211 76249 76491 77813 77858 78518 78540 78923 79063 79100 80259 80980 82155 82644 83546 84377 84684 84724 84815 84862 85392 85724 85955 87665 87886 88068 89015 89359 89363 89505 89931 90026 90419 90626 90804 91310 91559 91820 91853 92490 93760 94153 94168 94512 94825 94937 95127 96139 96318 96477 96517 96588 96619 98243 98646 98817 99087 99205 99223 99548 99669 99876 100448 101368 102846 104349 104477 104626 104830 105401 106219 106888 107452 107653 108279 108662 108723 108860 109212 109844 109941 109995 110178 110274 110479 110745 110994 111139 112303 112473 112658 112669 113103 113646 113792 114301 114428 114862 114927 115013 115070 115387 115526 115551 115995 117324 117441 117497 117539 117596 117643 117677 117915 118041 118298 118362 118842 119341 119484 119780 119805 119924 119940 119984 120948 121718 121756 121796 123221 124276 124303 124445 124447 125576 127397 127779 128525 129059 129273 130187 130642 130976 131318 131605 132440 132719 132903 133942 134965 135009 135403 135743 135980 136202 137033 137323 138181 138747 139342 141160 141479 141510 141545 141955 142076 142749 144169 144188 144385 144511 144744 145193 145316 146385 146512 146552 146665 147271 147363 148272 149053 149390 149869 150223 151135 152738 152879 153037 153270 153328 153357 153455 154374 154391 154435 154903 155555 155711 155975 156749 156891 157564 158095 158689 158823 158863 158994 159237 159461 159570 159906 160233 160338 160673 160858 161863 162365 163585 163976 164096 164361 164665 165789 166162 166364 166373 166590 166614 167115 167512 168715 169806 170232 170817 171136 171766 171907 171970 172082 172442 173100 174046 174124 174453 175188 175238 175281 176123 176332 176566 176716 178086 178216 178339 178487 178582 178802 179261 179431 180387 180647 181558 181637 181705 181779 182270 182483 182608 182664 183055 183335 183565 184440 184614 185134 185168 186306 186386 186563 186635 186912 186959 187000 187736 187744 188172 188676 188696 188785 189364 189451 189952 190139 191167 191310 191994 192798 193458 194984 195329 195398 196070 197120 197275 197451 197556 197793 197913 198133 198327 198674 198782 198786 199371 199384 199816 200160 201608 201691 202630 203359 203570 203750 204597 205331 205426 205548 205784 207007 207492 207867 208218 208392 209399 210180 211262 211577 212784 213126 213505 214658 215203 216618 217218 217968 218394 218635 219254 219595 219799 219826 221036 221424 221974 222344 223057 223135 225141 225401 225557 225749 226002 226728 226885 227604 227711 227991 228303 228867 229622 229648 229729 229836 229897 229934 230935 230967 231303 232279 232383 232514 232549 232578 232592 233058 233451 233741 233860 234424 235074 235433 235637 236305 237139 237826 238324 238511 239028 239376 239697 242001 242594 242595 243482 243620 243969 244100 244618 245396 245549 246657 247198 248191 249386 250611 250877 251149 251274 251437 251810 251854 252372 252510 252923 253230 253282 253948 254171 254654 254853 255699 256085 257121 257306 257313 257565 258204 259805 259901 261414 262685 262945 264035 264363 265424 266054 268063 269179 270009 270066 271502 271648 272244 272483 272518 272655 272715 272884 273161 273393 273418 274113 274320 275088 275294 276381 277096 277123 277209 277471 277528 277587 278555 278557 279375 279433 280128 280283 280376 280501 280646 280659 280721 280884 281218 281773 281875 282077 282182 283487 284609 284792 284900 285634 285763 286037 286043 287379 287481 287621 288006 288390 288497 289481 290132 290474 290517 291140 291205 291792 292118 292736 293193 293286 293373 293546 294245 295253 295513 295547 295798 295929 296335 296360 297194 297353 297657 297866 297884 297957 298102 298647 298766 299123 299548 300349 300565 300717 300979 301138 301179 301343 301739 301801 304265 306209 306595 307045 307197 307500 307909 308179 309612 310518 310684 311002 311323 312702 312820 313402 313630 314250 314498 314714 314878 315680 316203 316792 317298 317577 318857 319011 319239 319938 320157 320251 320455 320575 320914 321365 321534
591 394654 6 10
833 2104 2136 2288 3571 3613 3820 4428 5711 6233 7769 8063 8562 8754 10542 10728 11682 12513 12873 13197 14525 14748 14895 15070 15117 15313 15698 16816 17432 19013 19503 19596 19830 20799 22578 22824 24202 24382 24398 24409 26416 26775 26800 26955 28822 30473 30612 30786 30857 31310 32892 33067 33283 33879 35347 35696 35858 36383 37996 38299 38357 39264 39779 39985 40451 40870 41661 41968 42416 42580 45025 46089 46147 46536 46661 47331 47805 48963 49154 50909 51012 53139 53645 56056 57377 58305 59024 60482 60618 60726 60939 61247 61775 62298 62593 62756 63050 63387 64036 64070 64910 66737 67087 67694 67718 68069 68272 68650 69402 70321 71310 72665 76206 77663 78190 78266 79167 79603 80177 80671 81192 83276 83447 83772 84710 85267 85733 85821 86292 87012 87060 87135 87762 88389 88410 89348 89957 90736 91284 93627 94604 94908 95811 96062 96247 98046 98452 99287 99498 100086 101030 101160 101740 104674 105845 106639 107200 107562 107841 108041 108553 108751 108795 108864 109269 109413 110511 111049 111449 113719 113969 115038 115965 117206 117417 118432 118575 118584 121235 121744 122294 123839 123883 126149 127749 127894 128768 129132 129628 129694 131223 132734 134218 134443 135559 136516 136884 136899 137436 138224 139216 139576 140371 140840 140895 142905 143178 143443 144932 145075 145259 145626 145694 145949 146058 146339 146591 146922 147070 147163 147513 148877 149783 150480 150764 153174 153602 154455 154542 155086 155640 156398 157554 158677 158788 160116 160595 160603 160690 161038 161338 162820 163283 164295 164484 165440 166165 167461 167489 167677 168616 172134 174127 174275 174721 175293 176867 177781 178000 178501 179476 180650 180660 180895 181076 183110 183398 183599 183997 184582 184946 185160 186987 187786 187992 188825 188945 189522 190219 190610 191036 192212 193130 194132 194706 195086 195373 195913 196244 197439 198166 198523 198667 198704 198887 198943 199403 200466 203167 203822 204180 204251 204474 204616 205003 205985 207641 207699 210011 210083 210876 212393 213494 213816 215437 215832 215863 217762 219861 220697 222098 227264 227807 227961 228381 230992 231924 232859 233102 233247 233459 235567 235580 236141 237034 237122 238964 239001 239435 240281 240582 241260 241705 241778 241982 243087 243719 244024 244160 245041 245112 245894 246061 246353 246823 246851 247535 248144 248491 248696 249165 251776 252115 252412 252656 253819 254639 254921 256770 257455 258592 259191 259269 259759 259986 260264 260580 260737 261328 261841 262027 262871 263290 263519 263800 264080 265353 265811 265880 266453 266467 266559 267771 269075 272121 272751 272836 273943 274037 274555 275241 276528 277381 277980 278001 278280 279967 280632 281577 282954 284235 284645 284770 284788 284842 284918 285218 285225 286369 287824 288321 288660 289083 290076 290443 290766 290850 291503 291579 291741 292105 292555 293111 293773 296393 296627 298047 298396 298410 300217 300338 300842 301627 303062 303298 303381 303490 303539 304247 304533 306249 306437 306596 306972 307832 308404 309255 309451 309477 309563 309793 310053 310956 311188 311703 312173 312903 312955 313340 313861 315010 315027 316094 317711 318205 318795 319345 319551 320566 321722 321739 321831 322635 322677 323430 323868 324025 324141 324839 324933 325351 328322 328929 329948 332322 332336 332592 333578 334803 334832 335061 336212 339795 339844 340616 340820 341365 341500 341913 343597 344345 346214 346995 347680 348219 348719 349148 349529 349642 349990 350571 350594 352614 354200 354305 354327 356393 357705 358170 359259 359329 361753 362244 363002 366851 366924 366999 367389 367488 367865 368332 368374 368569 369586 370578 371212 371423 371503 372196 372291 372340 373919 373992 374111 374420 374744 375420 375734 375892 376254 376420 376593 379319 380267 380450 380870 381815 382598 382728 382922 382953 383396 383783 384323 385018 386108 387837 387914 388201 388461 389401 389635 389760 389958 390358 391247 391762 392992 393361 393793 394311
494 195588 7 19
170 462 1194 1568 2565 2782 2789 2820 3832 3913 4548 4582 4982 5490 5652 6172 6360 6509 6530 7060 7141 7663 8326 8338 8546 8930 9101 9123 9299 9515 9809 9869 9876 10114 10405 10551 10965 11238 12928 12935 13705 13845 15890 16305 16687 16885 17479 19728 19945 20252 21182 21349 21380 21529 21735 22606 23070 23171 23772 23885 24847 25191 25411 25433 25457 26257 26470 26955 27080 27368 27662 28066 28671 29169 29283 29363 29450 29572 30091 30543 30577 30734 30855 30857 30962 31074 31149 31168 31533 32556 33376 33904 33989 34023 34446 34474 34901 35307 36243 36727 37001 37869 39009 40028 40091 40236 40266 40680 41851 42912 43013 43100 43289 43319 43967 44018 44028 44512 45348 45443 45587 46769 46890 46949 47145 47181 47369 47781 47863 47873 47932 47950 48164 48251 48568 48623 48643 49044 49172 49959 50825 50856 51178 51180 51263 51452 51590 51602 52908 53624 54141 55136 56045 56832 57105 57419 57605 57987 58212 58323 58475 58662 59598 59599 60125 60797 61218 61365 62162 63130 63537 63897 63960 64226 64583 65296 65434 65495 65796 66089 66253 66588 66624 68447 68599 69456 69881 70161 70264 70387 70506 71173 71430 71458 71885 73005 73487 73799 74078 74208 74222 74359 75161 75775 75962 76485 77360 77367 77427 78068 79057 79887 79999 80359 81324 81874 82551 82623 82845 82988 83157 83662 83764 83931 84453 84600 85578 85767 85897 88359 88488 88587 88677 88841 88864 89439 89557 89760 90614 90628 90681 91038 91059 91484 91926 92792 92939 93846 94607 94635 94736 94771 95519 95836 96393 96847 97369 97511 97756 98477 98552 99266 99274 99478 99753 100159 100540 100555 100662 100749 101121 101204 101809 102199 103365 104044 104079 104356 104658 104841 105110 105180 105224 105729 105889 106168 106431 106534 106538 106738 106925 109555 109564 109692 109866 110187 110335 110357 110572 110610 110660 111227 111292 111578 111937 112920 113417 114414 115194 115217 115419 115995 116286 116322 116919 118290 118439 119354 119504 119890 120816 120823 121362 122015 122113 122736 123310 123570 123871 124802 127007 127677 127800 127933 127980 128099 128195 130245 130385 130516 130535 130919 131097 131349 132253 132292 132465 133095 133167 133216 133913 134334 134604 134646 135288 136099 136878 137130 137389 137540 137689 138258 138587 138816 139068 139281 139445 140529 140562 141669 141932 142426 142565 142627 142754 142961 143124 143845 144359 144579 145706 145811 146058 146721 146748 147289 147333 147726 148262 148600 149125 150314 150427 150469 150499 150522 150872 152567 152666 152728 153372 154291 155564 155592 155880 156588 156636 156893 157054 157994 159015 159394 159801 161360 162016 162704 163750 164105 164583 164807 165570 165926 165996 166564 166615 166973 167506 167542 168072 169720 170419 170667 171265 172365 172567 172827 173176 173226 173259 173531 173964 174147 174682 174698 175352 175478 175711 175737 176074 176203 176245 176307 177998 178143 178680 178937 179441 179635 180007 180797 181266 182801 182901 183594 183726 183754 183944 184025 184095 184572 184682 184777 185276 185367 186860 187268 187394 187522 188180 189725 189729 190042 190397 190834 192349 192502 193022 193142 193821 194125 194137 194248 194868 195503
143 992995 177 3
2341 27682 28791 32223 95808 97589 98776 100173 105846 138760 142134 154503 155163 155500 157759 164987 168425 170580 184834 186063 191995 192552 197465 200164 214060 218143 229408 237464 245926 259507 272848 279443 283025 288494 312343 314197 322468 325177 326775 333279 337609 341839 348447 348866 357706 360396 362645 372414 373975 374717 376528 378728 393517 397547 400213 403826 407855 410037 410383 410559 414701 419408 435157 449537 453342 472428 499950 503459 503699 516663 524733 527535 532761 537628 545920 547777 555104 561907 576764 581578 596061 602006 605181 608679 624124 625731 633822 652799 654432 661035 663258 668039 680092 681018 687735 694465 695186 702917 715982 725118 739249 746940 763175 773115 778197 779216 781956 782539 798627 800062 800761 802806 808495 810804 815406 817276 820309 821546 824545 833449 834971 838433 853117 871580 877814 878066 891162 894367 900290 904705 906686 914910 935353 938576 938630 948014 952085 953858 954034 959472 965467 979855 988966
1000 1000000 333 381
308 943 1167 1531 1971 3021 4095 4316 5349 6588 8964 9828 10220 11430 12271 12879 13106 15063 15762 18072 19080 19099 19504 21052 21611 22069 22363 24904 25277 26141 27559 27678 28633 28693 29575 31737 35260 36684 36699 40373 40717 40854 43468 45205 45798 50774 50964 50979 51077 51863 51947 52275 55095 57604 58185 58393 59645 60363 62786 63680 64898 67679 68315 68485 68593 69727 69944 70744 70765 70864 72775 74003 76754 76819 77960 78658 78970 79609 81607 84559 85437 86375 87585 88837 90790 90798 91316 92304 94168 96887 97666 100439 101875 104101 104355 105375 105414 105607 108180 108404 110264 113923 115205 118379 120390 120728 123560 123789 124127 124318 124603 124722 125937 127664 127979 128531 129124 132186 133651 133754 135517 137449 137639 139094 139339 140898 142813 144064 144193 145734 146618 148917 150229 150865 152417 152860 153222 153305 153601 155488 155495 156615 157365 158014 158454 162676 163433 163975 164620 165394 165580 166414 167295 167512 167544 167800 169028 169319 169589 170078 170955 171752 174575 177238 178066 178669 178677 180247 180313 180871 181240 181381 182720 183942 184005 184322 184351 185586 186130 187677 188912 190427 192452 192909 194345 194580 195935 197433 197650 200860 202234 202241 202297 204459 206067 206290 208077 209119 213397 214837 214945 217245 217282 218314 219340 221259 221755 223690 223978 225275 228018 229287 232452 232734 232975 234906 235117 236134 236297 236402 236582 236808 237059 237225 237486 240412 247438 247577 248146 248700 248793 249500 253279 253984 254927 255717 256093 256882 258220 258253 265153 266055 266117 266183 267027 267107 268122 268303 270537 271110 271293 273071 273186 273945 274223 275146 276964 278086 280791 282585 282776 283686 284484 286550 286645 287851 288368 289389 289638 290294 291756 291838 292783 293839 295311 295347 297341 298286 299620 300187 300668 301288 301429 303438 303721 303808 305601 307162 307493 308454 309104 311200 312610 314378 314527 315484 315579 316528 316744 317359 319682 319752 320393 320532 321210 323347 324236 325902 326273 328748 329267 330166 330425 330756 333596 335522 336299 337411 337495 337568 338230 338692 338705 342487 343130 343476 343522 345483 345512 345617 348669 349143 349214 349677 349872 352573 352842 353043 353348 354227 355036 355987 356759 356807 357138 357374 357745 358593 358782 358908 359286 359587 359758 360012 360142 360601 360643 361170 362469 362557 363067 365991 366222 367966 367982 368682 368949 369475 369568 370366 372835 373090 374109 374471 376564 378458 378625 378683 380951 381573 381692 383740 385318 385920 386214 386620 386957 387105 387557 388369 390711 391050 391309 391704 392214 393465 393946 394258 398373 400677 401095 401630 401696 402569 405024 405162 406430 407702 408198 410879 411024 412368 412677 415133 415472 416273 417764 418570 419153 420135 423098 425853 427190 429332 429339 431562 432292 432404 433414 435018 435553 436094 436675 436951 437247 437456 438199 439090 439310 440542 441374 442426 444230 445043 446222 446858 448550 448621 448792 449197 451350 452101 452909 453551 454336 456506 456575 458501 459807 462285 464649 466186 466248 466931 467706 468758 469075 470590 474146 474790 475254 475504 476849 477267 477971 480315 480893 481921 482477 483232 485977 486770 486810 486985 492062 493436 493929 494255 494939 495893 497699 498048 498203 498548 500987 501596 501682 501839 503498 505134 505198 506365 507517 507802 508225 508659 510259 510844 511784 513460 514659 515124 515610 518444 520307 520728 521269 521322 521842 522911 523831 524502 525732 525947 527369 527674 529852 530328 531310 531312 532357 532886 534918 536984 537739 538193 538555 543082 544565 545133 546131 546207 546399 546507 547882 548055 552292 556120 559780 561066 561305 561669 561803 562699 564874 565232 565533 565736 567500 568740 568745 568931 573534 574532 576106 576639 577107 577311 579768 580474 581049 581690 581975 582088 583012 583275 584630 585379 585767 586150 586488 586755 587425 587859 588123 588616 589177 592836 593820 598272 598608 598948 599029 599914 601694 602807 603750 604785 605027 605426 606016 607782 609002 609476 609852 610027 610093 610607 610663 611702 611895 613699 613930 614553 616293 617043 617099 617615 618665 619824 620328 620858 621110 623914 623927 624103 624313 626137 626532 626723 628085 629099 629977 630074 630217 630396 636034 636336 641455 642782 642800 644126 646930 647246 647437 648395 649814 650770 653887 654566 654946 655081 656532 657152 658133 659192 659832 661444 664709 667244 667280 667860 668046 668413 669485 670508 670762 675910 676065 677001 678112 678600 679501 679674 680175 680665 680798 681090 681437 681682 682849 687373 688367 690045 690271 690467 690902 691290 691484 695260 698625 700526 703476 703721 704910 706590 707056 707918 707996 708290 709801 710978 711957 713071 713164 713982 715200 717059 717310 718951 719036 720426 720649 720684 722904 723125 723211 723309 723723 724733 725020 727406 727811 729447 732807 732848 733837 734279 734461 734582 734629 734981 738186 738347 739451 739663 740675 741167 741648 741895 742662 743525 744199 746030 746417 747556 749104 750485 752000 754294 754509 755062 755394 755679 756041 756625 756755 756860 760395 760575 761891 763482 764976 767030 768671 772259 772901 772991 776301 776476 778800 780550 780806 781258 783906 783926 784853 785955 788255 788887 789433 792157 792577 793033 793681 794284 794702 795372 796334 796961 797843 799205 799326 799493 800460 800700 801928 802790 802932 803282 804179 804610 805486 806117 806537 806902 807548 807733 807978 808508 808647 810209 810934 811968 813127 815006 815477 816501 817151 817226 817343 818583 820642 822789 823020 823023 823619 824177 825891 825971 826565 826815 827052 827437 827508 828951 829483 829518 831522 832064 833389 834411 834517 834685 834876 834905 835517 836127 837236 839365 840915 841069 842150 844189 844193 844571 844871 845325 845700 846261 849179 849309 849867 850480 850857 851206 853432 858541 858622 859318 859611 861202 861872 862672 862730 863765 864988 865497 865503 865555 866056 866435 867377 869204 870046 870519 872382 872520 873013 874020 874185 874512 878738 878743 880345 880610 880649 880933 882052 883130 883462 884582 888120 888399 889675 889863 890211 890816 892122 892776 893759 894979 896611 897586 898337 898631 901693 901764 901835 902281 904116 905451 906042 908213 909884 910517 914829 915546 916135 916306 918883 921482 921496 923459 924193 925022 926642 927670 927987 929791 931488 932015 934057 934129 934565 936098 937562 938326 938364 938450 938897 939723 940982 941415 941480 942692 944074 945576 946772 947759 949116 949729 949839 950506 950818 951073 951622 953380 955807 956055 957612 957828 959513 961096 963783 965061 965474 969221 969743 969919 969951 969981 971332 971633 971725 973049 975060 976831 979132 981318 982465 984700 985167 986062 986154 989123 993087 995604 999615 999771
1000 1000000 179 165
424 744 2828 3515 5469 5508 6622 9974 10468 11110 11170 11328 13722 14522 15739 16099 17283 18502 18608 19323 19434 21120 21263 23404 24483 24725 24908 25426 26181 26218 26706 27841 28426 29474 29585 29880 32689 32921 34036 34704 34994 35393 35483 36069 36689 38183 38233 38502 38589 39785 41663 41743 42092 45083 45140 47298 48719 48848 50488 51474 53977 54077 54907 56213 58238 58602 58802 59808 59960 62378 62810 63241 63965 64883 66866 67617 69502 71601 71723 72693 73396 73980 75270 75632 75768 77893 78782 80303 80600 81581 83385 84527 85740 86960 87082 87641 91048 92142 92355 92408 94579 96551 96605 97678 98543 99681 99823 100545 100686 101329 101855 104555 106468 107404 107726 108253 108258 109317 109575 110691 111059 111606 114388 114934 117105 117517 117809 118449 120771 123712 125411 125443 125803 126483 126808 128834 129773 130857 130895 131012 131031 131716 133246 133837 135263 135849 136663 138360 140391 140893 141051 141424 141535 142299 142635 143241 143655 144919 145098 145134 145820 147828 148194 150722 150850 151069 155831 158321 158741 159956 162829 163246 165649 168948 169722 170169 170646 170736 173110 173117 173843 175180 175330 176521 176974 179138 180134 181656 181928 182181 182715 183202 184940 187177 187665 187822 190034 192754 194400 195247 195264 196509 196612 197251 197824 200432 201634 202267 202606 202786 204066 207207 207461 207707 208935 209484 209849 210124 212455 212741 214681 216248 219479 220034 220278 220697 222318 225447 227451 227629 229683 230403 231358 233400 235954 236303 236798 240548 242272 242274 242426 243878 245084 245482 247350 247589 249282 249393 249431 249993 250106 250853 254338 254443 256617 256649 257775 258002 258708 260190 261470 262472 263129 263424 263652 265645 266241 266572 267092 267926 268676 269118 269576 269835 271060 271073 271336 272392 274370 275104 276062 278226 278497 281637 282536 283664 283726 286975 288605 290756 291365 292382 294204 294231 296162 296590 297273 297798 304181 304579 304758 304881 308078 308723 308810 310249 311973 312039 312097 312261 312443 312477 313378 314144 314265 316976 317286 318296 319107 319166 322416 324886 325501 326149 326493 326682 327099 327332 328095 329713 329938 330434 330596 332374 332635 334035 336006 336128 338255 340021 340410 342964 348300 349525 350912 352799 353257 353884 354209 356786 358433 363004 363568 363705 365424 365711 366814 367674 367919 368074 368329 370318 372592 376503 376773 377547 377764 378304 378620 379797 380666 382928 384457 385075 386046 387420 388932 389959 390479 390771 391525 391774 393169 395318 396198 396680 397082 399313 400956 401807 403447 405206 406735 408145 409810 410943 411955 413805 417614 420185 420227 421848 422561 424256 427826 428402 428503 431104 433418 433811 434978 435617 435634 436045 436079 436148 437924 438035 438859 442638 443020 444257 445039 445070 445115 446346 448137 448189 448377 448830 449065 450255 452378 452900 453394 454265 457693 459661 460277 461833 462011 462271 462360 462858 463024 464126 464268 464455 465362 467385 469299 469509 470706 471848 472880 473880 473907 475158 475761 476037 477294 477765 478524 480019 480966 483851 484195 485470 486119 486593 486672 486894 490098 490510 491111 492090 492238 495012 495359 497259 497963 498389 498777 499432 499979 500307 502535 506829 507234 507810 510456 512647 513290 513770 513928 516125 516704 517150 517561 517804 518736 520174 520259 520991 521024 521567 521587 521809 522381 527813 528754 529135 529239 529733 530726 531379 532485 533911 534278 534974 536329 538653 539206 540419 540646 540752 540967 541710 542641 543112 543253 544867 545493 546678 547863 548545 548977 549875 551142 551502 552767 554813 554863 554947 555776 556399 556551 556848 558153 559582 561635 561685 561993 563161 564082 564106 565553 565823 565847 566720 567004 567028 568291 568357 568385 569122 572464 572730 573172 573873 575161 575687 575766 576226 577972 578912 579473 580496 581307 581687 582925 583950 584405 585429 588033 588682 588906 589072 589872 591434 591739 592810 594005 594572 596629 597523 598248 598842 599486 600867 601298 604651 604946 607909 607985 611010 611026 611293 613819 613888 614077 614970 616373 616556 616762 617100 617114 617991 618462 619686 620790 624466 625486 626711 628360 629230 630291 630844 632796 633595 634047 634501 637443 637521 637651 639063 639083 639269 639920 640732 640924 642564 645295 646204 647185 647607 651936 652696 652792 653764 654236 655353 656600 656706 657625 659097 659440 659608 662581 664696 665070 665532 665687 666661 666994 668381 668401 668631 669151 669291 669931 672688 674177 674467 674810 675053 676738 676968 677680 677778 681763 683241 684564 686879 687504 687708 689809 690539 690767 692099 694044 694312 695927 696057 697847 700273 701069 702125 702764 702867 703470 703659 704268 704377 704684 705269 705438 706922 707684 708749 712349 713423 713725 715769 718398 718868 719303 719587 720028 720902 721795 724289 725743 727375 727459 727949 728052 729772 730314 731492 733002 733345 733382 733396 734092 735828 736967 737128 737465 739809 739905 741647 743004 745192 745446 745590 746087 746528 746838 746969 747177 747406 750021 750152 750219 751526 752012 754228 755330 755477 755866 756345 759923 759979 760969 761737 761901 761982 762654 763163 763180 764014 764396 764936 765543 766095 767174 768785 769514 772673 772962 773250 776468 776825 779699 780611 781629 782391 782923 783576 784430 784971 786182 787126 790152 790311 790836 791325 791361 791915 792386 792564 794134 794643 794832 795493 795574 795628 797443 797939 798327 798699 799938 799951 800842 800876 801803 802096 802099 805689 805975 806630 807497 808108 808243 808676 810627 811821 812077 814450 815437 816195 817617 821738 822838 827139 828283 828681 831716 833871 834838 835769 836263 837736 838602 840079 840742 841648 841704 842269 844582 844757 845892 845906 846043 846328 848680 849165 850188 850927 851947 853672 854410 854486 858738 861367 861900 861992 862030 862036 862704 863549 864902 867751 869019 869491 870087 870210 872105 872106 873863 874598 875338 875545 876629 877224 877678 878059 879067 880587 881423 882483 883075 883999 886666 886918 888015 894896 895255 896850 896892 897207 899131 900728 904322 909588 910405 910658 910701 910875 910880 911864 912504 913486 914199 914887 915952 916167 920394 920475 921423 922010 922989 924769 926020 926040 926505 926870 927551 928889 931587 932022 932722 933731 934742 934928 938644 938929 939478 941220 943985 946138 947319 947511 948271 948620 949154 949695 954479 954602 956976 957774 958565 959679 961188 961319 962724 963258 964140 965402 965602 965847 968427 969171 969624 969656 970160 971441 971621 972465 973004 973491 974214 974296 974300 974398 977015 977020 978429 979329 979636 979797 980966 981050 981619 984008 986369 987902 988822 989025 989294 989515 989620 989635 989872 993145 993632 993885 997381 997733
