25 38 65 53 6
52 10 59 55
13 17 106 19 1
41 14 70 25
23 68 128 82 3
62 50 97 95
45 31 126 29 8
65 28 115 32
6 44 40 52 1
28 44 37 61
28 40 125 47 6
75 24 99 68
15 11 100 38 5
64 1 78 44
12 36 32 49 5
24 26 27 65
21 25 118 42 2
63 14 78 59
27 26 105 26 10
35 24 57 28
38 34 126 44 3
69 33 94 63
11 19 79 15 6
27 5 75 37
34 52 56 50 6
47 39 52 70
25 62 146 63 6
73 21 98 69
48 23 134 40 8
86 13 100 45
35 81 135 80 6
47 46 97 83
22 56 70 60 1
29 24 54 62
22 19 72 20 2
30 15 44 21
32 60 85 49 3
41 44 55 68
12 47 115 45 7
37 45 72 48
39 13 122 23 5
65 13 89 25
3 66 46 77 6
18 46 32 78
9 26 84 22 8
50 3 72 32
29 45 86 31 7
55 23 74 69
18 38 56 36 1
45 35 49 39
49 42 151 37 6
82 18 127 45
26 81 79 37 5
64 36 71 84
5 55 106 44 5
32 42 70 76
27 25 122 24 9
67 21 98 61
16 31 97 30 1
66 18 78 45
25 33 117 24 3
45 21 77 34
7 32 46 23 4
28 10 44 34
12 63 39 45 6
16 30 27 74
46 39 96 43 3
71 15 72 50
35 26 103 22 3
76 5 88 29
33 39 151 34 2
64 33 113 43
2 14 85 16 8
20 14 64 21
8 34 92 32 4
48 28 63 38
5 14 97 12 8
11 10 49 16
30 19 109 20 3
50 19 64 22
41 16 147 19 5
79 14 126 32
49 6 155 7 9
99 3 108 19
2 63 68 64 8
10 43 50 69
16 3 125 2 2
50 2 100 35
12 71 82 51 4
17 47 40 96
41 57 108 50 8
71 37 103 70
12 21 80 26 4
48 19 73 28
31 23 90 26 4
34 4 66 41
3 20 77 27 6
28 15 65 51
28 17 142 8 9
65 2 95 29
22 48 87 53 10
58 45 61 59
39 28 96 35 3
41 27 65 73
46 39 92 37 7
67 32 81 68
2 40 73 38 4
12 29 58 41
44 59 166 70 10
82 44 126 75
41 12 95 9 6
74 9 89 31
32 49 115 53 2
49 39 72 61
17 23 67 21 6
33 17 43 28
17 26 64 38 1
33 21 62 56
11 21 106 25 6
58 13 72 27
10 36 86 17 6
37 3 47 37
37 23 100 10 9
85 4 99 28
29 41 112 43 10
67 41 76 61
44 14 92 17 3
50 14 83 18
46 32 104 38 2
60 12 86 39
25 30 120 25 1
66 25 94 39
21 2 124 16 5
55 2 95 49
2 40 78 48 3
27 31 52 55
43 55 91 50 2
85 42 88 90
29 46 124 68 8
70 39 98 82
3 24 100 23 9
24 21 68 27
16 51 90 43 10
19 41 69 62
42 31 91 10 1
73 8 80 48
41 49 83 54 4
53 49 66 60
12 18 100 17 7
52 16 71 21
42 12 143 12 6
92 12 111 13
26 50 68 50 6
30 44 34 55
4 64 102 30 9
52 16 67 65
35 46 70 33 5
37 5 40 54
30 55 72 44 1
36 39 43 57
42 48 122 63 6
71 38 82 83
8 36 83 27 5
35 26 49 44
4 21 57 30 10
6 21 20 37
11 16 65 10 4
24 6 60 23
2 51 73 59 2
18 41 42 60
48 49 147 48 2
81 42 131 50
27 15 84 11 2
33 9 35 29
39 30 120 36 5
62 29 86 37
31 55 72 43 9
62 35 64 73
1 24 106 24 9
40 19 61 28
7 19 88 19 10
41 19 44 20
21 38 128 51 5
64 34 97 61
21 30 76 33 2
26 30 54 41
16 36 132 34 9
39 7 88 44
34 62 93 62 5
49 44 55 85
25 54 138 49 9
64 42 92 59
49 72 141 70 7
89 47 113 77
39 39 113 29 1
48 2 84 49
47 68 125 34 4
70 32 111 71
44 28 105 30 10
51 27 72 35
28 52 115 61 6
58 23 73 71
48 33 149 29 2
64 27 109 35
22 3 95 11 4
46 3 78 33
22 30 109 30 1
60 29 76 36
3 43 51 41 1
28 36 49 53
38 38 76 19 3
43 11 67 59
2 50 69 51 1
19 30 65 62
32 19 88 20 10
45 18 49 21
46 75 151 60 9
73 49 117 78
11 40 95 42 6
43 38 76 45
23 44 97 43 6
38 43 76 46
22 44 59 41 2
34 23 52 72
43 41 120 42 10
66 40 84 47
21 17 92 33 2
39 15 53 62
48 47 131 50 6
95 47 110 52
22 63 53 72 2
37 49 42 77
38 47 142 42 10
79 29 99 48
6 19 39 14 9
21 8 27 26
33 67 126 33 4
67 32 117 72
14 41 69 19 7
18 19 45 66
9 38 130 36 6
55 34 103 40
44 53 139 54 7
76 45 126 71
18 33 111 40 1
55 24 77 41
42 44 144 29 7
47 17 95 62
31 21 106 28 6
53 17 103 35
48 20 117 33 3
69 14 82 57
25 17 99 17 6
64 11 94 19
34 63 129 72 10
70 31 80 76
35 50 101 49 1
42 40 55 55
37 42 159 25 8
77 4 112 49
27 31 66 72 1
40 24 47 74
40 33 171 34 4
76 33 124 35
5 46 89 49 6
43 42 61 57
39 27 93 23 6
45 11 57 30
29 13 127 23 6
73 12 82 27
41 64 157 63 5
88 50 126 72
15 33 136 34 4
52 30 100 37
39 29 98 41 1
49 29 69 42
33 8 105 5 9
66 2 87 31
21 22 55 22 5
22 22 29 23
10 44 124 52 7
59 42 88 58
3 31 102 19 6
29 12 57 34
43 13 115 41 5
46 6 88 54
45 43 113 52 4
76 19 100 58
26 42 110 44 10
44 27 71 57
22 20 86 21 7
35 3 51 44
38 7 107 6 9
46 6 82 8
16 16 94 19 9
37 13 65 20
23 59 117 61 5
38 29 86 73
31 48 119 56 3
71 39 115 65
45 42 127 47 10
83 41 110 67
4 10 65 11 9
22 4 53 15
29 12 73 12 10
42 10 58 13
27 54 147 46 2
61 31 102 71
35 8 110 8 9
67 4 96 10
30 46 92 48 1
34 46 48 49
32 55 104 50 1
63 45 100 60
32 26 107 27 3
82 25 94 32
49 49 99 46 3
60 45 90 51
50 34 83 53 1
65 32 79 60
15 50 81 42 2
61 33 66 65
10 41 132 42 2
50 36 83 79
16 73 69 34 1
42 24 60 74
31 37 82 36 4
72 36 74 38
48 37 134 30 9
78 27 91 48
42 18 136 18 5
88 5 100 35
42 69 138 54 7
83 42 118 70
5 21 67 21 9
19 21 23 24
34 19 151 11 4
70 6 107 22
14 32 121 27 5
57 17 98 39
43 5 163 20 9
85 1 116 22
19 24 52 26 1
21 6 44 44
27 73 94 32 5
30 32 56 82
40 13 147 17 7
79 12 125 18
20 58 133 59 1
62 21 107 68
36 36 108 41 2
46 29 63 45
16 21 77 22 1
50 21 65 23
36 19 114 20 4
57 18 75 27
6 22 71 21 7
43 10 63 26
33 59 124 75 10
63 45 100 91
12 45 112 37 4
46 36 78 84
22 10 81 9 1
51 9 64 11
43 28 145 28 1
83 10 97 49
45 14 135 20 4
76 1 91 23
27 69 86 56 4
48 32 84 76
27 17 93 13 6
61 9 77 18
17 15 120 15 10
57 15 97 16
24 13 115 23 9
45 11 95 25
48 53 99 64 3
58 34 86 65
11 41 76 31 3
25 24 67 53
46 75 98 58 1
63 47 67 80
14 56 57 18 10
17 17 28 59
27 35 79 33 6
39 25 49 37
5 25 49 18 7
33 18 37 30
37 18 61 20 1
50 18 55 22
9 18 74 17 2
17 10 38 30
26 64 98 54 1
39 25 50 67
12 31 84 34 3
62 29 65 42
22 10 124 39 3
63 7 101 44
39 46 126 46 10
71 44 106 60
4 13 51 4 10
6 3 41 19
8 54 106 42 1
19 29 62 57
1 40 131 43 7
39 35 89 49
11 31 46 49 10
26 23 33 50
40 64 137 48 8
88 40 132 81
23 38 83 23 4
57 16 64 43
27 29 103 9 10
69 2 99 45
31 48 117 53 5
78 26 94 55
7 49 91 48 8
36 35 42 62
47 46 90 45 1
65 27 85 60
7 58 63 51 6
11 45 36 93
17 23 52 22 6
40 18 47 25
14 52 89 62 8
59 38 61 63
32 24 126 19 6
39 8 76 27
36 49 85 47 4
74 25 80 51
8 44 133 44 9
50 33 84 75
19 21 78 29 2
38 10 40 37
9 43 64 29 5
54 29 55 61
4 51 75 51 1
25 46 48 55
41 19 70 12 6
45 10 54 28
10 22 66 5 5
40 4 43 28
14 33 108 31 6
57 25 80 38
35 28 128 37 2
76 25 80 45
26 92 73 67 4
32 47 49 95
39 14 146 26 6
59 13 107 61
8 53 81 30 9
40 23 78 65
15 70 73 72 2
23 42 59 75
48 28 137 28 9
85 24 101 38
1 38 115 39 7
49 36 85 51
2 33 64 36 8
13 30 45 37
24 36 104 36 9
60 36 77 76
41 46 123 55 10
67 28 85 65
2 29 70 33 9
52 6 66 34
22 17 95 21 9
57 11 91 36
17 45 98 58 8
57 44 97 77
33 46 107 20 5
57 17 73 51
49 42 124 40 2
97 30 120 43
33 34 109 31 3
59 26 80 53
30 15 91 58 10
59 15 77 62
49 55 188 82 1
95 47 143 89
44 63 148 74 5
94 46 128 90
31 9 149 7 8
69 2 104 13
14 23 114 23 5
57 3 100 40
22 43 90 37 2
63 28 86 50
23 33 97 30 9
30 24 56 50
9 27 114 17 10
41 10 70 31
27 32 133 44 1
77 31 97 63
27 49 86 72 9
49 47 65 75
48 67 126 59 5
96 39 97 84
8 34 58 14 9
15 9 29 54
49 17 125 21 4
59 8 89 33
19 31 94 19 6
38 16 78 47
2 38 72 35 4
19 33 27 39
46 55 171 71 2
75 44 122 92
32 32 115 25 2
47 5 83 51
41 33 87 26 5
63 10 66 37
42 30 124 42 6
62 15 80 53
48 39 111 20 6
59 19 96 44
28 36 135 41 2
73 35 104 50
5 33 71 28 8
22 19 63 35
35 37 77 31 8
57 29 63 39
33 9 75 23 6
49 3 59 46
14 40 95 20 7
48 17 72 42
50 36 93 44 8
62 10 85 49
32 14 131 15 3
58 14 100 18
31 49 81 50 7
41 31 43 54
50 16 147 9 4
85 7 132 53
20 9 83 14 1
65 5 82 21
4 31 83 30 6
43 12 55 38
33 59 126 57 5
53 49 93 75
41 63 98 35 4
50 14 51 64
25 56 94 56 7
55 13 67 61
30 47 146 42 1
56 40 105 59
18 47 84 51 3
46 43 52 58
20 33 58 30 6
22 22 29 54
42 43 97 41 5
48 26 53 55
1 22 82 19 4
21 19 44 26
2 46 69 50 9
7 38 41 76
30 28 99 26 8
54 19 65 53
20 9 50 1 3
31 1 43 17
22 35 92 32 2
41 20 74 46
41 75 89 83 2
49 45 63 95
15 45 86 38 1
43 32 62 55
11 28 66 14 10
15 10 28 32
8 47 90 53 10
10 44 59 89
39 60 146 52 6
67 42 102 85
28 34 124 42 4
51 17 74 43
3 53 66 61 9
35 35 64 67
31 30 104 21 3
40 8 89 33
9 38 62 49 6
25 25 35 52
44 41 98 47 1
52 29 85 78
33 9 102 34 8
59 9 98 47
29 33 78 28 2
42 27 76 41
38 48 117 48 3
83 48 92 49
4 27 131 33 7
45 22 91 35
44 62 89 54 3
48 47 80 86
10 56 44 53 8
38 49 41 60
20 23 87 34 7
68 17 84 51
33 15 73 11 7
46 6 68 17
24 27 65 22 7
25 12 44 38
27 56 136 49 9
63 43 87 61
16 16 76 23 4
48 7 54 31
33 43 83 43 2
55 37 58 49
7 37 66 32 7
48 23 49 53
20 39 78 50 7
55 34 74 57
30 20 118 27 1
75 4 92 37
3 35 84 38 3
18 33 37 39
10 48 57 49 1
40 38 56 50
2 19 73 41 10
22 17 70 51
40 48 124 67 6
60 42 82 77
20 49 84 49 6
30 43 64 50
17 3 99 3 4
18 2 67 4
4 18 112 21 1
40 17 64 31
28 33 91 34 6
59 33 90 37
6 16 75 32 3
19 2 67 46
31 51 148 66 8
63 45 100 89
2 7 57 9 7
16 7 26 10
44 51 139 51 3
79 50 101 96
25 44 109 44 4
50 44 62 45
36 41 140 32 6
75 22 109 53
2 65 109 52 6
38 46 66 79
21 49 101 40 2
32 25 53 54
30 66 141 60 6
75 48 93 78
24 51 81 52 1
48 48 75 53
33 33 106 26 8
55 22 98 35
23 49 145 48 2
65 42 106 57
35 48 129 49 2
64 41 91 50
27 64 100 50 10
35 38 51 68
43 51 154 51 6
59 49 108 53
44 1 107 10 4
45 1 89 12
48 41 156 31 2
73 27 107 51
13 47 104 27 6
49 21 68 48
7 48 109 51 9
48 20 79 69
47 33 122 22 5
75 3 79 34
23 46 53 45 10
47 45 52 47
45 35 139 36 9
85 33 111 37
50 11 131 6 5
97 5 99 12
48 73 125 56 4
58 49 83 74
31 62 109 65 1
61 34 108 72
49 53 155 38 2
74 20 120 55
46 4 124 6 7
54 1 84 28
38 16 74 19 10
42 13 63 28
2 28 95 38 5
37 19 85 50
4 26 42 28 10
12 24 38 38
44 23 100 35 4
72 7 86 40
42 23 102 7 3
43 6 68 24
11 24 92 4 8
43 2 44 27
47 26 93 48 3
62 15 79 51
7 3 122 12 8
53 2 72 19
5 43 100 47 7
52 28 84 51
8 22 89 21 5
45 21 62 23
31 46 126 20 9
64 14 90 48
39 11 95 15 9
67 10 88 16
45 68 149 40 2
82 35 107 69
9 23 79 25 9
27 13 62 36
45 43 117 31 5
73 19 101 53
36 42 128 36 1
76 27 114 67
30 57 73 67 4
42 29 70 70
24 32 79 25 5
29 4 40 40
10 24 43 26 10
20 24 39 27
25 57 124 51 9
59 47 81 58
18 69 86 60 2
38 44 80 83
18 37 120 65 3
55 24 94 68
17 16 68 17 6
25 5 63 32
40 63 94 64 1
55 38 73 74
49 42 117 50 7
62 39 82 89
8 36 52 44 5
9 31 50 78
2 76 97 82 10
13 38 59 85
33 74 128 71 3
60 40 88 75
42 46 111 48 7
60 46 68 51
39 49 120 51 6
66 27 116 59
45 20 141 20 4
87 7 91 28
40 45 141 44 2
90 37 133 57
5 29 54 24 9
11 18 31 38
24 19 117 20 5
52 18 70 23
26 60 120 35 10
53 24 71 61
26 37 110 19 4
70 8 106 49
38 45 92 57 8
44 36 66 76
24 26 84 23 6
59 23 65 32
23 28 128 19 2
38 5 80 34
38 42 128 40 5
63 38 80 45
41 23 75 26 8
42 21 74 29
2 58 89 71 5
40 37 46 87
24 69 134 58 10
62 42 102 76
10 57 85 72 7
42 31 82 81
42 18 108 11 3
91 3 98 35
4 44 77 55 8
30 39 46 60
14 11 73 8 6
18 6 61 12
16 39 116 40 5
32 39 80 68
16 54 92 39 9
38 37 80 71
17 58 89 65 1
52 44 79 87
27 54 91 41 2
32 34 44 76
16 19 121 18 9
23 18 73 20
32 44 112 38 7
62 22 100 48
48 39 120 45 10
49 36 98 51
1 25 108 22 5
37 10 62 42
22 35 130 23 5
63 18 92 36
36 95 92 91 6
44 50 66 100
42 81 161 62 7
84 47 111 93
43 30 110 38 1
47 24 68 68
46 42 102 53 10
89 39 92 80
39 18 100 14 6
52 9 58 31
50 35 182 43 9
100 32 138 45
17 38 100 41 6
51 36 79 43
27 24 127 21 10
70 16 111 45
4 34 70 38 4
44 23 66 43
31 80 77 75 5
50 48 58 91
44 9 136 9 8
91 6 96 11
7 43 71 14 2
18 5 52 49
41 63 89 72 1
70 38 84 73
24 36 123 24 3
64 8 101 53
24 9 136 13 6
71 8 118 21
9 51 44 50 8
20 50 43 60
26 38 55 39 6
39 19 43 44
11 26 122 43 6
49 18 82 61
38 23 128 28 7
86 15 87 29
7 30 87 31 7
30 27 56 32
26 45 130 55 8
69 45 116 60
11 21 102 21 6
58 20 75 22
35 59 78 65 2
42 38 68 81
33 43 100 22 7
40 13 55 59
39 6 152 8 6
72 6 110 30
39 43 136 42 7
79 42 90 44
49 12 139 16 7
69 8 106 17
49 37 135 34 10
62 33 103 39
29 15 129 15 7
66 14 86 46
49 84 112 50 2
64 45 106 86
11 25 63 43 4
13 9 45 48
2 55 75 59 4
30 46 55 61
9 37 29 40 8
18 37 28 44
15 38 84 52 4
46 11 68 53
12 24 77 20 7
54 19 60 46
25 35 74 32 9
31 32 32 36
7 43 65 36 4
40 34 51 61
4 51 83 26 4
34 22 74 56
13 50 47 47 2
20 45 29 67
20 56 109 72 1
58 41 63 75
10 38 65 31 7
27 14 46 47
8 25 108 20 9
41 5 63 50
42 46 104 22 10
82 10 90 52
27 9 91 12 5
39 7 74 21
32 40 140 39 2
63 37 104 43
10 77 107 75 10
21 36 69 78
12 45 51 48 8
13 39 18 51
38 27 135 28 9
79 20 95 32
26 87 89 92 1
53 50 87 97
36 55 94 41 9
49 41 86 89
43 44 71 52 10
55 30 61 67
37 24 124 24 1
51 19 79 28
17 7 103 7 3
49 6 62 19
42 46 108 49 3
64 46 105 50
40 17 80 16 10
53 16 59 18
50 40 149 53 10
93 33 136 55
16 29 66 50 7
48 28 51 51
41 65 129 48 2
80 37 96 80
16 21 89 49 5
57 21 69 66
8 53 67 50 8
13 40 30 58
29 63 134 42 4
71 27 105 64
31 31 106 30 9
58 29 73 47
43 28 148 14 9
89 10 125 33
49 60 86 55 3
56 50 61 62
30 40 109 39 8
71 14 105 43
39 23 117 11 1
57 10 91 42
38 51 101 50 5
87 40 96 82
4 56 63 37 3
37 23 55 61
6 58 83 56 7
31 35 62 60
50 38 162 27 7
91 27 117 63
3 35 98 35 2
24 30 54 38
3 44 137 44 10
47 44 91 45
35 57 112 58 2
73 39 83 76
41 31 156 35 5
89 18 120 38
9 53 91 38 10
57 32 80 54
50 1 130 5 8
86 1 106 8
34 7 121 16 7
84 5 93 33
34 33 117 28 8
64 23 94 52
16 58 100 55 9
28 39 77 80
15 80 64 67 9
43 40 45 86
47 21 73 25 8
49 18 53 39
36 60 122 47 6
41 42 72 85
8 46 116 42 4
42 41 70 50
29 40 86 26 4
40 16 83 51
12 35 130 38 10
61 32 97 53
37 32 109 54 9
69 14 87 56
11 50 121 52 4
59 49 80 58
5 13 67 11 8
50 11 63 14
40 19 93 13 10
61 11 84 24
21 37 79 37 7
35 37 69 40
45 12 131 12 9
61 11 104 14
33 18 109 17 9
75 17 86 19
43 21 110 21 4
63 20 91 24
16 31 139 41 10
52 4 94 49
44 35 105 49 3
83 19 89 59
7 45 90 40 10
42 37 77 46
18 15 56 39 6
27 15 53 46
20 10 105 8 1
57 4 64 25
49 70 116 81 9
68 46 86 88
4 39 50 52 10
19 30 49 66
36 84 107 67 7
68 41 87 85
15 20 97 17 1
44 9 72 29
49 12 140 12 6
88 12 136 13
46 70 107 57 8
88 35 101 77
32 42 112 39 5
65 30 82 46
40 12 151 18 8
76 7 121 24
9 52 63 55 10
24 49 45 57
5 26 110 23 5
37 19 73 29
12 27 52 26 6
17 4 25 45
35 49 122 45 3
61 37 75 50
47 56 102 46 2
72 40 87 65
11 63 39 53 2
14 49 17 81
20 50 35 57 7
21 48 31 59
36 57 99 78 5
44 33 71 79
33 14 134 52 10
63 9 94 59
17 8 95 8 9
40 8 51 9
33 66 59 68 5
45 50 54 79
42 40 104 46 3
75 38 100 54
30 20 153 25 7
75 18 107 29
17 12 104 39 5
58 6 60 40
27 37 97 41 9
39 11 74 43
6 21 80 24 9
55 20 62 30
2 23 40 31 10
4 22 16 33
47 57 146 41 7
57 38 107 59
39 50 93 48 5
52 48 83 52
17 36 101 10 7
37 10 60 58
22 68 126 79 5
66 43 97 84
48 45 144 43 8
90 40 112 78
33 12 127 43 9
58 1 90 46
46 31 154 31 2
84 19 126 60
35 36 107 39 1
69 34 91 44
19 21 111 46 5
54 15 81 61
17 19 61 44 7
27 10 58 51
21 43 77 40 8
35 37 40 44
18 39 101 72 9
59 35 89 85
36 34 97 26 5
61 17 69 36
43 47 108 55 10
58 31 98 77
12 26 106 27 7
51 22 93 30
32 15 119 7 9
72 5 100 20
12 49 93 41 8
32 41 55 64
38 8 90 9 2
77 3 85 11
37 37 136 46 1
80 34 94 55
13 23 67 21 3
16 11 48 31
39 53 176 54 7
84 45 134 95
49 39 104 43 7
56 10 91 45
50 22 154 26 1
92 7 119 38
38 49 162 41 9
81 23 115 65
19 17 90 24 10
55 16 73 25
37 8 117 21 10
53 5 69 26
5 6 104 8 2
22 4 70 9
11 48 86 70 4
15 48 40 73
12 35 94 32 2
29 17 44 44
47 60 149 82 2
75 46 112 83
13 28 84 20 9
21 16 69 49
23 22 82 21 3
30 1 38 31
27 33 120 47 6
46 33 83 48
24 29 115 5 7
28 1 66 46
29 64 88 24 6
35 20 38 65
3 39 140 55 6
44 32 90 65
19 21 136 14 7
68 8 105 25
22 17 95 5 3
24 4 72 29
17 59 42 23 4
18 22 39 65
38 37 124 29 9
65 29 87 38
44 10 129 4 5
58 3 100 28
50 20 121 16 5
92 4 112 40
3 28 137 40 9
45 28 94 56
38 15 141 7 3
71 2 117 16
35 46 92 46 1
75 42 84 51
8 50 54 44 7
9 42 38 55
22 48 152 61 4
69 40 104 63
2 39 74 40 8
29 36 40 80
7 11 118 9 6
52 7 87 23
37 36 118 29 4
45 25 91 54
37 38 127 41 8
65 38 97 47
26 35 100 39 3
36 32 56 41
47 38 119 69 5
48 38 82 86
29 51 125 56 6
54 25 91 58
42 36 110 39 5
89 36 104 48
19 46 128 44 4
54 38 103 63
40 41 136 19 4
86 17 130 44
9 25 100 39 2
56 21 88 61
48 41 114 39 2
88 34 91 42
32 48 145 39 8
75 36 114 53
16 28 71 52 4
30 8 46 53
49 42 131 41 9
53 41 84 44
24 12 89 11 5
45 6 54 19
6 45 84 42 3
15 41 43 52
41 57 146 59 2
88 48 110 60
29 55 145 47 10
69 34 114 67
6 28 80 32 4
13 25 54 33
13 35 94 30 3
45 30 69 39
2 56 109 68 2
18 47 60 72
12 24 93 18 7
37 17 76 27
5 57 69 48 7
45 45 46 66
48 35 135 31 10
83 27 89 69
11 29 60 29 10
12 29 46 30
20 24 74 42 10
41 13 46 56
6 77 66 63 6
22 42 61 81
4 27 80 18 5
21 6 62 54
37 47 141 40 1
61 34 99 74
14 41 41 68 6
23 40 39 73
18 23 134 23 3
49 3 93 38
27 36 79 31 8
37 23 50 56
49 46 150 38 4
92 31 112 52
47 64 149 44 8
64 42 104 80
14 46 46 14 5
38 13 45 49
40 23 140 42 9
88 22 110 43
1 52 93 36 7
45 34 87 59
27 41 139 40 1
66 29 97 55
19 43 120 22 1
48 16 81 48
42 10 100 11 1
43 9 89 12
4 10 92 21 2
52 1 65 40
8 39 81 33 9
48 8 65 56
21 41 87 61 1
47 35 76 69
40 54 133 40 6
77 19 104 67
44 45 109 32 2
47 22 82 48
37 13 167 47 7
73 12 120 55
18 74 106 60 1
53 47 77 96
15 27 95 31 1
38 24 47 44
37 28 87 44 4
41 25 75 45
46 74 85 59 9
55 48 84 78
15 66 91 56 7
62 40 85 74
24 58 75 15 4
25 15 37 64
1 35 56 50 2
47 27 48 51
13 35 84 38 1
25 20 70 62
18 46 101 47 9
54 44 60 56
7 54 92 52 10
39 48 77 61
4 20 81 23 5
34 6 76 52
8 39 46 41 8
29 13 33 48
34 53 156 83 3
73 35 114 84
28 22 95 23 7
30 12 49 28
25 66 87 36 2
48 35 58 71
46 34 122 46 8
78 33 111 83
41 14 102 24 8
84 8 90 30
13 59 96 58 1
45 50 76 90
47 24 107 14 8
57 11 73 33
12 7 65 17 9
21 5 63 47
38 29 126 13 5
77 5 106 40
49 17 64 18 8
56 9 62 21
39 44 118 54 1
62 32 87 73
39 26 100 29 4
86 25 96 35
14 9 106 9 9
57 9 79 11
22 47 102 34 8
49 25 95 66
41 26 62 30 8
46 24 59 33
17 61 80 74 1
25 36 40 76
4 26 101 35 9
14 20 52 36
11 12 76 13 3
42 11 68 17
28 20 103 12 7
47 10 91 26
38 44 169 45 2
87 44 121 49
46 44 158 57 1
92 43 108 59
31 46 89 24 4
64 2 75 50
18 30 87 49 1
19 12 46 57
2 51 81 35 2
17 33 47 68
33 50 101 52 10
37 47 66 58
44 46 100 45 4
83 42 97 59
38 36 119 34 7
53 12 101 41
16 20 117 28 5
21 20 67 37
3 45 119 31 10
50 8 96 48
34 50 96 43 5
46 39 85 53
44 42 103 42 8
76 42 78 44
34 37 99 18 2
77 8 78 44
8 31 70 31 1
11 24 34 36
37 49 97 47 6
54 11 61 59
16 14 58 15 3
22 8 56 29
44 57 158 50 5
86 49 130 64
40 36 116 26 7
44 21 91 38
15 24 63 46 6
52 8 58 50
33 39 135 59 1
74 36 121 69
29 61 156 52 5
73 34 107 65
28 55 149 64 10
59 48 103 65
21 20 89 12 5
30 8 77 23
34 29 114 35 3
43 29 82 38
47 39 98 57 7
55 29 87 78
43 41 65 51 5
46 32 57 59
36 49 115 36 6
65 35 101 51
14 63 97 63 4
43 47 69 68
25 21 115 33 5
62 15 112 34
4 4 106 6 8
36 2 57 9
39 46 69 49 4
58 45 59 51
22 50 88 40 9
53 38 60 73
37 32 125 25 5
49 24 87 51
10 11 106 14 10
22 4 69 15
16 11 111 37 9
59 8 76 42
10 46 76 25 9
19 23 56 50
1 18 72 11 2
22 4 62 38
32 58 133 60 1
80 50 96 68
45 12 176 17 9
85 9 126 27
34 22 133 24 8
56 10 106 42
15 28 78 38 4
26 27 58 43
37 67 105 59 6
56 49 76 70
1 51 65 54 7
40 50 61 56
7 29 75 13 8
47 7 71 48
21 6 110 22 6
51 6 61 28
41 58 155 56 2
84 21 124 59
23 34 124 47 5
49 34 88 82
34 42 124 38 4
83 35 104 72
20 91 113 88 4
42 46 69 95
48 42 77 39 9
49 28 74 43
1 48 123 52 2
39 48 73 54
5 10 125 10 4
54 9 81 11
9 70 76 52 6
31 45 63 78
45 43 134 16 10
85 14 116 59
14 57 109 62 7
48 46 74 73
30 48 116 52 9
76 29 100 53
7 45 83 67 3
14 27 55 68
11 28 141 27 1
44 24 94 41
16 45 124 54 7
66 26 88 57
9 23 103 40 3
51 13 75 48
27 52 55 65 9
42 30 54 70
6 48 100 52 9
48 48 62 54
46 72 162 58 1
81 48 123 75
33 62 70 51 8
42 47 64 72
44 30 135 47 5
67 30 103 59
18 49 89 32 7
29 28 54 67
15 30 105 34 5
41 28 81 38
5 50 108 51 5
15 49 59 54
6 70 105 55 10
42 45 91 74
15 23 107 23 6
54 20 78 29
46 41 101 39 3
62 35 75 42
38 49 129 53 8
80 43 81 55
47 43 165 53 10
92 31 121 58
9 52 96 46 4
37 44 49 55
9 43 99 43 2
51 42 70 46
35 70 151 78 8
82 48 115 82
38 67 97 49 2
62 26 77 69
5 37 65 38 2
14 32 16 40
28 53 142 51 9
75 20 117 68
36 8 99 5 3
58 5 60 10
47 71 121 68 8
64 48 111 74
19 14 59 4 3
35 2 40 17
26 32 98 45 8
47 28 49 56
3 29 70 31 3
16 25 62 33
30 44 115 43 8
72 40 90 53
27 58 111 37 9
51 26 61 68
47 36 97 37 5
59 36 76 40
39 58 132 53 7
76 50 91 60
19 19 76 20 6
27 13 68 21
39 7 130 8 2
68 7 93 16
3 39 57 37 10
19 31 51 67
28 58 86 46 2
35 43 50 60
47 26 88 22 7
50 21 57 28
23 41 79 13 1
49 13 64 46
44 5 129 11 1
75 5 99 12
38 14 97 11 7
55 8 83 15
9 32 57 32 4
32 32 41 34
11 36 37 25 9
30 10 31 38
38 20 120 8 4
66 5 91 41
33 33 101 23 6
50 9 69 40
19 53 86 66 9
48 40 62 71
9 48 113 42 2
57 35 70 76
17 52 96 51 1
49 48 73 57
12 15 58 10 1
17 8 56 17
22 6 82 6 8
28 6 69 7
19 21 116 55 5
67 15 91 56
29 52 117 51 1
41 46 67 70
44 26 98 26 2
64 26 76 27
10 10 114 11 4
54 6 66 34
20 27 65 43 3
25 27 60 44
9 47 69 45 7
11 31 56 59
33 18 126 2 6
80 1 87 29
3 47 95 48 7
4 45 48 51
43 55 82 48 7
76 35 81 77
7 14 82 20 1
45 8 49 41
47 45 129 46 5
87 42 99 71
34 29 125 25 9
79 17 101 40
11 36 101 39 7
13 29 62 70
22 56 58 61 7
34 35 49 67
12 38 42 33 1
37 22 40 49
4 37 116 7 5
26 5 66 46
5 26 40 46 9
16 23 23 67
41 47 112 44 6
63 36 72 60
28 26 74 25 10
40 17 54 27
44 42 98 41 9
71 38 78 52
13 38 90 42 4
29 38 60 53
1 51 71 41 8
32 23 68 56
50 8 158 10 9
90 3 118 38
6 56 117 60 6
39 41 70 66
38 17 125 7 7
80 7 91 22
30 24 132 24 3
72 24 87 25
43 62 173 54 6
85 50 133 76
31 57 108 68 4
60 37 65 85
36 49 99 46 7
46 37 77 54
28 52 126 64 2
70 31 91 65
26 75 102 77 8
76 50 91 99
5 62 101 42 2
33 25 59 75
27 69 70 58 2
32 42 61 75
27 33 107 55 8
46 21 89 60
33 80 103 84 6
47 44 56 89
18 63 70 39 8
37 30 68 80
1 23 60 40 10
28 15 48 42
19 45 99 30 2
31 20 55 48
6 31 105 8 3
28 4 72 34
7 25 64 29 1
30 25 60 41
50 67 152 60 1
98 39 109 82
28 28 127 17 9
74 15 101 37
15 33 110 39 5
23 31 63 40
14 49 116 47 5
50 6 91 55
40 23 80 22 9
70 20 77 30
9 26 117 36 8
28 23 70 47
17 20 91 5 6
28 2 74 33
41 44 171 26 9
90 16 133 47
6 76 54 58 10
13 38 51 77
4 24 51 40 10
22 16 32 51
39 55 100 40 9
55 14 85 56
4 38 41 38 6
23 34 24 43
46 17 168 37 4
94 14 128 53
43 59 78 76 2
51 49 70 79
32 46 148 84 10
72 43 121 87
13 28 105 43 6
48 20 77 50
28 61 76 39 4
48 37 56 64
13 50 55 71 3
19 44 41 82
6 47 105 49 2
41 46 86 55
25 21 111 27 3
57 17 82 28
35 44 160 33 1
84 25 111 67
13 47 85 45 3
30 43 45 62
50 24 162 22 8
87 4 127 27
41 25 87 27 3
59 24 80 74
8 42 70 45 7
27 36 33 67
3 33 98 33 10
42 32 85 34
23 61 53 84 7
35 50 50 85
36 27 51 27 1
41 17 42 32
5 28 99 48 6
16 7 59 49
50 51 141 42 5
91 30 131 60
39 45 114 46 10
45 38 90 48
35 45 110 44 9
64 43 91 69
14 20 74 33 4
27 13 39 54
7 32 64 29 5
28 25 41 36
35 56 103 36 1
40 36 79 61
10 25 54 24 8
22 6 39 38
24 46 107 44 6
66 31 74 59
6 37 59 38 4
31 3 38 43
25 18 74 12 9
43 8 54 22
18 60 98 60 4
44 40 81 83
25 15 113 15 7
44 15 90 16
36 10 104 10 5
74 10 83 12
38 28 94 54 3
57 19 77 58
37 64 98 51 10
82 43 87 67
5 33 93 29 4
23 24 61 36
7 32 104 37 2
34 24 75 46
7 40 41 50 3
23 32 40 54
23 25 139 42 7
45 15 89 50
4 39 40 38 5
31 28 33 73
29 45 111 48 5
49 30 84 72
44 34 94 44 8
48 33 65 45
26 15 128 12 3
32 8 79 46
14 37 144 45 9
64 37 104 54
20 38 81 54 9
37 33 71 75
25 39 118 39 5
48 38 68 56
26 43 110 41 9
45 40 91 56
13 9 70 7 1
61 5 63 10
5 38 108 36 8
23 33 62 78
22 41 118 35 3
57 22 72 43
23 22 65 23 9
47 17 61 34
39 26 108 8 5
74 3 98 32
37 30 104 27 2
72 12 103 44
19 40 137 39 1
45 37 89 41
7 45 67 45 2
19 35 66 55
41 63 108 64 8
48 42 84 74
6 29 78 25 3
32 25 77 34
42 3 158 3 5
85 3 119 4
29 29 132 54 3
62 27 92 59
13 16 104 17 4
53 16 70 46
29 3 146 38 2
69 3 117 49
31 44 150 48 3
58 4 100 51
10 42 64 23 5
36 23 44 46
28 54 98 40 7
50 25 80 70
7 38 104 40 5
46 23 59 43
43 19 140 17 10
60 16 108 23
42 36 163 28 1
72 15 113 62
47 50 96 50 10
87 50 92 51
13 29 75 38 7
47 26 59 39
44 3 151 18 5
73 3 108 21
12 64 140 52 3
61 39 94 65
50 62 131 24 5
81 24 84 72
1 34 69 28 4
8 21 22 41
17 80 83 53 7
63 46 64 83
47 29 124 35 5
65 23 82 40
20 24 129 26 1
65 24 89 37
33 24 110 35 6
53 8 73 37
27 48 108 49 10
43 30 84 54
32 65 125 55 6
71 44 91 92
37 33 147 34 10
81 26 128 56
15 15 91 10 1
36 3 42 46
4 21 94 32 4
32 16 55 35
37 61 106 50 7
44 46 76 62
30 6 110 3 5
61 3 63 7
34 36 126 32 6
59 25 85 66
22 42 88 23 6
25 19 73 49
9 9 44 22 6
14 3 40 24
12 67 101 68 1
52 48 63 83
25 40 149 40 6
54 40 100 41
1 33 105 20 6
38 20 77 35
41 24 81 20 6
44 14 48 60
24 23 102 23 5
50 14 86 57
12 16 80 14 8
39 9 77 19
48 46 108 36 8
61 33 93 48
3 28 73 64 5
8 22 51 65
42 46 116 46 4
89 40 95 48
7 11 130 11 5
54 6 95 19
24 32 85 24 10
30 16 58 56
10 76 95 50 4
37 48 76 94
43 70 138 60 6
71 28 105 75
45 14 101 31 6
60 10 70 58
20 14 95 42 10
28 1 75 51
1 57 69 50 9
15 32 50 60
46 37 154 27 7
85 7 127 54
1 35 85 35 9
28 34 58 38
1 45 122 49 4
50 8 95 56
26 55 136 43 1
71 39 112 58
2 36 58 40 7
4 30 43 41
32 49 148 48 6
71 48 105 50
4 1 107 1 9
37 1 67 11
42 46 131 75 2
89 34 118 83
36 40 136 20 4
48 17 93 42
14 54 85 49 8
64 44 70 77
49 34 126 27 6
78 12 110 56
19 28 109 25 3
64 18 75 31
8 29 106 53 8
54 29 61 59
41 55 88 50 10
57 50 68 78
6 23 98 25 5
55 20 65 40
25 47 72 50 6
31 47 35 52
38 8 78 14 4
61 5 65 31
9 33 45 40 2
23 23 39 60
21 24 96 17 5
37 14 69 33
40 31 101 31 6
79 30 94 38
12 30 71 33 4
28 2 57 52
17 46 89 46 2
19 44 47 49
4 49 115 54 1
42 46 72 56
5 36 69 36 7
53 35 61 41
6 17 101 20 6
28 2 58 24
43 52 131 32 1
47 16 95 64
2 44 79 41 9
12 39 61 47
39 40 122 39 5
73 39 76 41
9 60 56 61 7
20 29 34 76
37 47 94 34 2
79 34 88 52
46 59 149 59 7
76 32 126 65
32 37 103 27 1
61 22 67 40
1 10 79 10 3
18 10 39 11
16 27 76 21 9
25 20 34 28
14 31 100 27 3
56 23 96 34
44 51 148 40 2
85 16 132 54
8 53 98 51 4
29 31 62 62
15 8 91 7 4
27 6 57 14
21 27 120 21 9
38 20 85 34
40 48 115 54 1
63 14 87 61
30 35 65 42 8
32 30 34 43
46 32 117 33 2
55 4 97 35
24 49 93 34 6
53 24 82 51
39 49 134 48 2
82 46 109 74
25 20 134 26 9
63 20 97 27
26 54 143 60 1
74 44 117 64
18 59 125 56 6
49 48 91 86
46 36 76 45 10
70 19 74 67
24 61 115 38 7
60 25 95 67
38 49 96 52 4
58 47 82 57
8 45 118 34 9
51 33 75 53
38 44 118 42 8
74 31 93 67
32 23 119 15 3
72 11 95 51
42 45 91 43 6
45 43 70 46
19 13 121 20 4
56 9 90 22
33 21 147 20 6
63 15 100 23
34 41 91 24 4
40 23 47 43
13 37 83 44 6
24 34 61 55
39 52 134 44 9
65 40 109 59
1 3 59 6 6
44 2 57 8
5 23 94 20 9
52 16 55 38
9 36 23 51 9
13 36 19 64
22 55 126 58 5
63 13 106 60
9 49 124 56 5
26 31 75 58
32 6 98 31 9
50 6 92 44
16 33 65 30 4
35 27 53 34
7 28 72 29 3
36 26 61 31
2 38 90 49 4
43 14 80 51
31 56 76 54 2
47 42 66 74
44 65 131 32 10
84 28 85 67
17 33 77 32 9
32 32 58 34
37 91 152 79 2
81 46 116 94
1 42 74 27 2
3 18 45 61
38 23 59 13 4
45 12 51 26
14 35 103 36 2
61 26 73 40
6 41 105 34 8
53 28 89 75
32 49 72 75 7
68 39 69 84
7 36 89 41 8
54 36 61 61
26 6 123 10 5
68 1 90 18
31 50 122 50 6
57 33 99 52
18 32 127 23 3
54 22 77 47
4 25 85 32 1
27 13 59 38
42 22 135 32 5
87 11 99 33
43 53 145 56 2
73 45 115 66
49 21 126 26 10
81 18 123 30
14 56 47 62 5
31 46 41 67
33 32 121 37 6
71 30 72 40
8 42 82 47 4
50 41 78 64
4 45 70 45 8
47 35 63 82
24 65 87 58 2
58 47 84 72
12 34 34 31 2
19 26 31 52
41 59 129 57 1
51 33 84 77
19 50 99 43 9
66 16 91 51
41 55 93 40 2
55 23 92 62
30 26 91 28 10
40 22 50 29
19 25 131 53 3
64 19 96 55
35 4 122 2 6
78 1 92 14
20 35 85 33 1
45 20 59 54
